algo, ta, score, pf, pq, 1, 2
VAR, 1, fps, 0.0, 0.0, 0.946, 0.950, 
VAR, 1, auc, 0.0, 0.0, 0.458, 0.474, 
VAR, 1, fps, 0.0, 0.2, 0.937, 0.944, 
VAR, 1, auc, 0.0, 0.2, 0.760, 0.709, 
VAR, 1, fps, 0.0, 0.4, 0.751, 0.946, 
VAR, 1, auc, 0.0, 0.4, 0.980, 0.935, 
VAR, 1, fps, 0.0, 0.6000000000000001, 0.383, 0.457, 
VAR, 1, auc, 0.0, 0.6000000000000001, 0.996, 0.995, 
VAR, 1, fps, 0.0, 0.8, 0.091, 0.206, 
VAR, 1, auc, 0.0, 0.8, 0.999, 0.999, 
VAR, 1, fps, 0.0, 1.0, 0.057, 0.000, 
VAR, 1, auc, 0.0, 1.0, 0.999, 1.000, 
VAR, 1, fps, 0.2, 0.0, 0.949, 0.950, 
VAR, 1, auc, 0.2, 0.0, 0.487, 0.547, 
VAR, 1, fps, 0.2, 0.2, 0.405, 0.948, 
VAR, 1, auc, 0.2, 0.2, 0.989, 0.975, 
VAR, 1, fps, 0.2, 0.4, 0.000, 0.000, 
VAR, 1, auc, 0.2, 0.4, 1.000, 1.000, 
VAR, 1, fps, 0.2, 0.6000000000000001, 0.057, 0.000, 
VAR, 1, auc, 0.2, 0.6000000000000001, 0.998, 1.000, 
VAR, 1, fps, 0.2, 0.8, 0.000, 0.000, 
VAR, 1, auc, 0.2, 0.8, 1.000, 1.000, 
VAR, 1, fps, 0.2, 1.0, 0.943, 0.000, 
VAR, 1, auc, 0.2, 1.0, 0.982, 1.000, 
VAR, 1, fps, 0.4, 0.0, 0.949, 1.000, 
VAR, 1, auc, 0.4, 0.0, 0.523, 0.465, 
VAR, 1, fps, 0.4, 0.2, 0.020, 0.926, 
VAR, 1, auc, 0.4, 0.2, 1.000, 0.986, 
VAR, 1, fps, 0.4, 0.4, 0.000, 0.000, 
VAR, 1, auc, 0.4, 0.4, 1.000, 1.000, 
VAR, 1, fps, 0.4, 0.6000000000000001, 0.000, 0.000, 
VAR, 1, auc, 0.4, 0.6000000000000001, 1.000, 1.000, 
VAR, 1, fps, 0.4, 0.8, 0.000, 0.000, 
VAR, 1, auc, 0.4, 0.8, 1.000, 1.000, 
VAR, 1, fps, 0.4, 1.0, 0.000, 0.020, 
VAR, 1, auc, 0.4, 1.0, 1.000, 1.000, 
VAR, 1, fps, 0.6000000000000001, 0.0, 0.949, 0.949, 
VAR, 1, auc, 0.6000000000000001, 0.0, 0.487, 0.524, 
VAR, 1, fps, 0.6000000000000001, 0.2, 0.057, 0.000, 
VAR, 1, auc, 0.6000000000000001, 0.2, 0.998, 1.000, 
VAR, 1, fps, 0.6000000000000001, 0.4, 0.876, 0.873, 
VAR, 1, auc, 0.6000000000000001, 0.4, 0.993, 0.993, 
VAR, 1, fps, 0.6000000000000001, 0.6000000000000001, 0.000, 0.000, 
VAR, 1, auc, 0.6000000000000001, 0.6000000000000001, 1.000, 1.000, 
VAR, 1, fps, 0.6000000000000001, 0.8, 0.000, 0.000, 
VAR, 1, auc, 0.6000000000000001, 0.8, 1.000, 1.000, 
VAR, 1, fps, 0.6000000000000001, 1.0, 0.931, 0.000, 
VAR, 1, auc, 0.6000000000000001, 1.0, 0.986, 1.000, 
VAR, 1, fps, 0.8, 0.0, 0.950, 0.949, 
VAR, 1, auc, 0.8, 0.0, 0.532, 0.517, 
VAR, 1, fps, 0.8, 0.2, 0.020, 0.948, 
VAR, 1, auc, 0.8, 0.2, 1.000, 0.981, 
VAR, 1, fps, 0.8, 0.4, 0.000, 0.000, 
VAR, 1, auc, 0.8, 0.4, 1.000, 1.000, 
VAR, 1, fps, 0.8, 0.6000000000000001, 0.000, 0.000, 
VAR, 1, auc, 0.8, 0.6000000000000001, 1.000, 1.000, 
VAR, 1, fps, 0.8, 0.8, 0.000, 0.000, 
VAR, 1, auc, 0.8, 0.8, 1.000, 1.000, 
VAR, 1, fps, 0.8, 1.0, 0.000, 0.000, 
VAR, 1, auc, 0.8, 1.0, 1.000, 1.000, 
VAR, 1, fps, 1.0, 0.0, 0.948, 0.948, 
VAR, 1, auc, 1.0, 0.0, 0.570, 0.499, 
VAR, 1, fps, 1.0, 0.2, 0.905, 0.057, 
VAR, 1, auc, 1.0, 0.2, 0.990, 0.998, 
VAR, 1, fps, 1.0, 0.4, 0.000, 0.000, 
VAR, 1, auc, 1.0, 0.4, 1.000, 1.000, 
VAR, 1, fps, 1.0, 0.6000000000000001, 0.000, 0.000, 
VAR, 1, auc, 1.0, 0.6000000000000001, 1.000, 1.000, 
VAR, 1, fps, 1.0, 0.8, 0.000, 0.000, 
VAR, 1, auc, 1.0, 0.8, 1.000, 1.000, 
VAR, 1, fps, 1.0, 1.0, 0.123, 0.000, 
VAR, 1, auc, 1.0, 1.0, 1.000, 1.000, 
FRO, 1, fps, 0.0, 0.0, 0.949, 0.950, 
FRO, 1, auc, 0.0, 0.0, 0.514, 0.527, 
FRO, 1, fps, 0.0, 0.2, 0.934, 0.944, 
FRO, 1, auc, 0.0, 0.2, 0.919, 0.955, 
FRO, 1, fps, 0.0, 0.4, 0.000, 0.000, 
FRO, 1, auc, 0.0, 0.4, 1.000, 1.000, 
FRO, 1, fps, 0.0, 0.6000000000000001, 0.000, 0.000, 
FRO, 1, auc, 0.0, 0.6000000000000001, 1.000, 1.000, 
FRO, 1, fps, 0.0, 0.8, 0.000, 0.000, 
FRO, 1, auc, 0.0, 0.8, 1.000, 1.000, 
FRO, 1, fps, 0.0, 1.0, 0.000, 0.000, 
FRO, 1, auc, 0.0, 1.0, 1.000, 1.000, 
FRO, 1, fps, 0.2, 0.0, 0.949, 0.949, 
FRO, 1, auc, 0.2, 0.0, 0.469, 0.427, 
FRO, 1, fps, 0.2, 0.2, 0.000, 0.000, 
FRO, 1, auc, 0.2, 0.2, 1.000, 1.000, 
FRO, 1, fps, 0.2, 0.4, 0.000, 0.000, 
FRO, 1, auc, 0.2, 0.4, 1.000, 1.000, 
FRO, 1, fps, 0.2, 0.6000000000000001, 0.000, 0.000, 
FRO, 1, auc, 0.2, 0.6000000000000001, 1.000, 1.000, 
FRO, 1, fps, 0.2, 0.8, 0.000, 0.000, 
FRO, 1, auc, 0.2, 0.8, 1.000, 1.000, 
FRO, 1, fps, 0.2, 1.0, 0.000, 0.000, 
FRO, 1, auc, 0.2, 1.0, 1.000, 1.000, 
FRO, 1, fps, 0.4, 0.0, 0.950, 0.949, 
FRO, 1, auc, 0.4, 0.0, 0.481, 0.486, 
FRO, 1, fps, 0.4, 0.2, 0.000, 0.000, 
FRO, 1, auc, 0.4, 0.2, 1.000, 1.000, 
FRO, 1, fps, 0.4, 0.4, 0.000, 0.000, 
FRO, 1, auc, 0.4, 0.4, 1.000, 1.000, 
FRO, 1, fps, 0.4, 0.6000000000000001, 0.000, 0.000, 
FRO, 1, auc, 0.4, 0.6000000000000001, 1.000, 1.000, 
FRO, 1, fps, 0.4, 0.8, 0.000, 0.000, 
FRO, 1, auc, 0.4, 0.8, 1.000, 1.000, 
FRO, 1, fps, 0.4, 1.0, 0.000, 0.000, 
FRO, 1, auc, 0.4, 1.0, 1.000, 1.000, 
FRO, 1, fps, 0.6000000000000001, 0.0, 0.950, 0.947, 
FRO, 1, auc, 0.6000000000000001, 0.0, 0.438, 0.543, 
FRO, 1, fps, 0.6000000000000001, 0.2, 0.000, 0.000, 
FRO, 1, auc, 0.6000000000000001, 0.2, 1.000, 1.000, 
FRO, 1, fps, 0.6000000000000001, 0.4, 0.000, 0.000, 
FRO, 1, auc, 0.6000000000000001, 0.4, 1.000, 1.000, 
FRO, 1, fps, 0.6000000000000001, 0.6000000000000001, 0.000, 0.000, 
FRO, 1, auc, 0.6000000000000001, 0.6000000000000001, 1.000, 1.000, 
FRO, 1, fps, 0.6000000000000001, 0.8, 0.000, 0.000, 
FRO, 1, auc, 0.6000000000000001, 0.8, 1.000, 1.000, 
FRO, 1, fps, 0.6000000000000001, 1.0, 0.000, 0.000, 
FRO, 1, auc, 0.6000000000000001, 1.0, 1.000, 1.000, 
FRO, 1, fps, 0.8, 0.0, 0.949, 0.950, 
FRO, 1, auc, 0.8, 0.0, 0.483, 0.562, 
FRO, 1, fps, 0.8, 0.2, 0.000, 0.000, 
FRO, 1, auc, 0.8, 0.2, 1.000, 1.000, 
FRO, 1, fps, 0.8, 0.4, 0.000, 0.000, 
FRO, 1, auc, 0.8, 0.4, 1.000, 1.000, 
FRO, 1, fps, 0.8, 0.6000000000000001, 0.000, 0.000, 
FRO, 1, auc, 0.8, 0.6000000000000001, 1.000, 1.000, 
FRO, 1, fps, 0.8, 0.8, 0.000, 0.000, 
FRO, 1, auc, 0.8, 0.8, 1.000, 1.000, 
FRO, 1, fps, 0.8, 1.0, 0.000, 0.000, 
FRO, 1, auc, 0.8, 1.0, 1.000, 1.000, 
FRO, 1, fps, 1.0, 0.0, 0.950, 0.950, 
FRO, 1, auc, 1.0, 0.0, 0.560, 0.504, 
FRO, 1, fps, 1.0, 0.2, 0.000, 0.000, 
FRO, 1, auc, 1.0, 0.2, 1.000, 1.000, 
FRO, 1, fps, 1.0, 0.4, 0.000, 0.000, 
FRO, 1, auc, 1.0, 0.4, 1.000, 1.000, 
FRO, 1, fps, 1.0, 0.6000000000000001, 0.000, 0.000, 
FRO, 1, auc, 1.0, 0.6000000000000001, 1.000, 1.000, 
FRO, 1, fps, 1.0, 0.8, 0.000, 0.000, 
FRO, 1, auc, 1.0, 0.8, 1.000, 1.000, 
FRO, 1, fps, 1.0, 1.0, 0.000, 0.000, 
FRO, 1, auc, 1.0, 1.0, 1.000, 1.000, 
FRL, 1, fps, 0.0, 0.0, 0.949, 1.000, 
FRL, 1, auc, 0.0, 0.0, 0.430, 0.546, 
FRL, 1, fps, 0.0, 0.2, 0.945, 0.945, 
FRL, 1, auc, 0.0, 0.2, 0.512, 0.509, 
FRL, 1, fps, 0.0, 0.4, 0.942, 0.944, 
FRL, 1, auc, 0.0, 0.4, 0.624, 0.564, 
FRL, 1, fps, 0.0, 0.6000000000000001, 0.935, 0.937, 
FRL, 1, auc, 0.0, 0.6000000000000001, 0.636, 0.605, 
FRL, 1, fps, 0.0, 0.8, 0.935, 0.938, 
FRL, 1, auc, 0.0, 0.8, 0.741, 0.637, 
FRL, 1, fps, 0.0, 1.0, 0.931, 0.930, 
FRL, 1, auc, 0.0, 1.0, 0.791, 0.733, 
FRL, 1, fps, 0.2, 0.0, 0.950, 0.949, 
FRL, 1, auc, 0.2, 0.0, 0.558, 0.405, 
FRL, 1, fps, 0.2, 0.2, 0.942, 0.940, 
FRL, 1, auc, 0.2, 0.2, 0.573, 0.589, 
FRL, 1, fps, 0.2, 0.4, 0.912, 0.915, 
FRL, 1, auc, 0.2, 0.4, 0.789, 0.763, 
FRL, 1, fps, 0.2, 0.6000000000000001, 0.857, 0.848, 
FRL, 1, auc, 0.2, 0.6000000000000001, 0.920, 0.918, 
FRL, 1, fps, 0.2, 0.8, 0.664, 0.688, 
FRL, 1, auc, 0.2, 0.8, 0.980, 0.980, 
FRL, 1, fps, 0.2, 1.0, 0.457, 0.242, 
FRL, 1, auc, 0.2, 1.0, 0.998, 0.999, 
FRL, 1, fps, 0.4, 0.0, 0.950, 0.950, 
FRL, 1, auc, 0.4, 0.0, 0.457, 0.541, 
FRL, 1, fps, 0.4, 0.2, 0.931, 0.936, 
FRL, 1, auc, 0.4, 0.2, 0.673, 0.624, 
FRL, 1, fps, 0.4, 0.4, 0.858, 0.802, 
FRL, 1, auc, 0.4, 0.4, 0.864, 0.914, 
FRL, 1, fps, 0.4, 0.6000000000000001, 0.640, 0.684, 
FRL, 1, auc, 0.4, 0.6000000000000001, 0.989, 0.983, 
FRL, 1, fps, 0.4, 0.8, 0.000, 0.038, 
FRL, 1, auc, 0.4, 0.8, 1.000, 1.000, 
FRL, 1, fps, 0.4, 1.0, 0.000, 0.000, 
FRL, 1, auc, 0.4, 1.0, 1.000, 1.000, 
FRL, 1, fps, 0.6000000000000001, 0.0, 0.949, 0.950, 
FRL, 1, auc, 0.6000000000000001, 0.0, 0.543, 0.552, 
FRL, 1, fps, 0.6000000000000001, 0.2, 0.923, 0.915, 
FRL, 1, auc, 0.6000000000000001, 0.2, 0.747, 0.751, 
FRL, 1, fps, 0.6000000000000001, 0.4, 0.684, 0.716, 
FRL, 1, auc, 0.6000000000000001, 0.4, 0.963, 0.934, 
FRL, 1, fps, 0.6000000000000001, 0.6000000000000001, 0.000, 0.000, 
FRL, 1, auc, 0.6000000000000001, 0.6000000000000001, 1.000, 1.000, 
FRL, 1, fps, 0.6000000000000001, 0.8, 0.000, 0.000, 
FRL, 1, auc, 0.6000000000000001, 0.8, 1.000, 1.000, 
FRL, 1, fps, 0.6000000000000001, 1.0, 0.000, 0.000, 
FRL, 1, auc, 0.6000000000000001, 1.0, 1.000, 1.000, 
FRL, 1, fps, 0.8, 0.0, 0.950, 0.950, 
FRL, 1, auc, 0.8, 0.0, 0.491, 0.445, 
FRL, 1, fps, 0.8, 0.2, 0.913, 0.917, 
FRL, 1, auc, 0.8, 0.2, 0.685, 0.729, 
FRL, 1, fps, 0.8, 0.4, 0.630, 0.541, 
FRL, 1, auc, 0.8, 0.4, 0.976, 0.987, 
FRL, 1, fps, 0.8, 0.6000000000000001, 0.000, 0.000, 
FRL, 1, auc, 0.8, 0.6000000000000001, 1.000, 1.000, 
FRL, 1, fps, 0.8, 0.8, 0.000, 0.000, 
FRL, 1, auc, 0.8, 0.8, 1.000, 1.000, 
FRL, 1, fps, 0.8, 1.0, 0.000, 0.000, 
FRL, 1, auc, 0.8, 1.0, 1.000, 1.000, 
FRL, 1, fps, 1.0, 0.0, 1.000, 0.950, 
FRL, 1, auc, 1.0, 0.0, 0.545, 0.499, 
FRL, 1, fps, 1.0, 0.2, 0.905, 0.900, 
FRL, 1, auc, 1.0, 0.2, 0.796, 0.834, 
FRL, 1, fps, 1.0, 0.4, 0.367, 0.474, 
FRL, 1, auc, 1.0, 0.4, 0.996, 0.996, 
FRL, 1, fps, 1.0, 0.6000000000000001, 0.000, 0.000, 
FRL, 1, auc, 1.0, 0.6000000000000001, 1.000, 1.000, 
FRL, 1, fps, 1.0, 0.8, 0.000, 0.000, 
FRL, 1, auc, 1.0, 0.8, 1.000, 1.000, 
FRL, 1, fps, 1.0, 1.0, 0.000, 0.000, 
FRL, 1, auc, 1.0, 1.0, 1.000, 1.000, 
FRR, 1, fps, 0.0, 0.0, 0.948, 1.000, 
FRR, 1, auc, 0.0, 0.0, 0.484, 0.515, 
FRR, 1, fps, 0.0, 0.2, 0.921, 0.923, 
FRR, 1, auc, 0.0, 0.2, 0.959, 0.953, 
FRR, 1, fps, 0.0, 0.4, 0.000, 0.000, 
FRR, 1, auc, 0.0, 0.4, 1.000, 1.000, 
FRR, 1, fps, 0.0, 0.6000000000000001, 0.000, 0.000, 
FRR, 1, auc, 0.0, 0.6000000000000001, 1.000, 1.000, 
FRR, 1, fps, 0.0, 0.8, 0.000, 0.000, 
FRR, 1, auc, 0.0, 0.8, 1.000, 1.000, 
FRR, 1, fps, 0.0, 1.0, 0.000, 0.000, 
FRR, 1, auc, 0.0, 1.0, 1.000, 1.000, 
FRR, 1, fps, 0.2, 0.0, 0.949, 0.950, 
FRR, 1, auc, 0.2, 0.0, 0.495, 0.526, 
FRR, 1, fps, 0.2, 0.2, 0.000, 0.000, 
FRR, 1, auc, 0.2, 0.2, 1.000, 1.000, 
FRR, 1, fps, 0.2, 0.4, 0.000, 0.000, 
FRR, 1, auc, 0.2, 0.4, 1.000, 1.000, 
FRR, 1, fps, 0.2, 0.6000000000000001, 0.000, 0.000, 
FRR, 1, auc, 0.2, 0.6000000000000001, 1.000, 1.000, 
FRR, 1, fps, 0.2, 0.8, 0.000, 0.000, 
FRR, 1, auc, 0.2, 0.8, 1.000, 1.000, 
FRR, 1, fps, 0.2, 1.0, 0.000, 0.000, 
FRR, 1, auc, 0.2, 1.0, 1.000, 1.000, 
FRR, 1, fps, 0.4, 0.0, 0.949, 0.949, 
FRR, 1, auc, 0.4, 0.0, 0.433, 0.569, 
FRR, 1, fps, 0.4, 0.2, 0.000, 0.000, 
FRR, 1, auc, 0.4, 0.2, 1.000, 1.000, 
FRR, 1, fps, 0.4, 0.4, 0.000, 0.000, 
FRR, 1, auc, 0.4, 0.4, 1.000, 1.000, 
FRR, 1, fps, 0.4, 0.6000000000000001, 0.000, 0.000, 
FRR, 1, auc, 0.4, 0.6000000000000001, 1.000, 1.000, 
FRR, 1, fps, 0.4, 0.8, 0.000, 0.000, 
FRR, 1, auc, 0.4, 0.8, 1.000, 1.000, 
FRR, 1, fps, 0.4, 1.0, 0.000, 0.000, 
FRR, 1, auc, 0.4, 1.0, 1.000, 1.000, 
FRR, 1, fps, 0.6000000000000001, 0.0, 0.950, 0.950, 
FRR, 1, auc, 0.6000000000000001, 0.0, 0.528, 0.471, 
FRR, 1, fps, 0.6000000000000001, 0.2, 0.000, 0.000, 
FRR, 1, auc, 0.6000000000000001, 0.2, 1.000, 1.000, 
FRR, 1, fps, 0.6000000000000001, 0.4, 0.000, 0.000, 
FRR, 1, auc, 0.6000000000000001, 0.4, 1.000, 1.000, 
FRR, 1, fps, 0.6000000000000001, 0.6000000000000001, 0.000, 0.000, 
FRR, 1, auc, 0.6000000000000001, 0.6000000000000001, 1.000, 1.000, 
FRR, 1, fps, 0.6000000000000001, 0.8, 0.000, 0.000, 
FRR, 1, auc, 0.6000000000000001, 0.8, 1.000, 1.000, 
FRR, 1, fps, 0.6000000000000001, 1.0, 0.000, 0.000, 
FRR, 1, auc, 0.6000000000000001, 1.0, 1.000, 1.000, 
FRR, 1, fps, 0.8, 0.0, 0.950, 0.949, 
FRR, 1, auc, 0.8, 0.0, 0.515, 0.518, 
FRR, 1, fps, 0.8, 0.2, 0.000, 0.000, 
FRR, 1, auc, 0.8, 0.2, 1.000, 1.000, 
FRR, 1, fps, 0.8, 0.4, 0.000, 0.000, 
FRR, 1, auc, 0.8, 0.4, 1.000, 1.000, 
FRR, 1, fps, 0.8, 0.6000000000000001, 0.000, 0.000, 
FRR, 1, auc, 0.8, 0.6000000000000001, 1.000, 1.000, 
FRR, 1, fps, 0.8, 0.8, 0.000, 0.000, 
FRR, 1, auc, 0.8, 0.8, 1.000, 1.000, 
FRR, 1, fps, 0.8, 1.0, 0.000, 0.000, 
FRR, 1, auc, 0.8, 1.0, 1.000, 1.000, 
FRR, 1, fps, 1.0, 0.0, 0.950, 0.948, 
FRR, 1, auc, 1.0, 0.0, 0.496, 0.502, 
FRR, 1, fps, 1.0, 0.2, 0.000, 0.000, 
FRR, 1, auc, 1.0, 0.2, 1.000, 1.000, 
FRR, 1, fps, 1.0, 0.4, 0.000, 0.000, 
FRR, 1, auc, 1.0, 0.4, 1.000, 1.000, 
FRR, 1, fps, 1.0, 0.6000000000000001, 0.000, 0.000, 
FRR, 1, auc, 1.0, 0.6000000000000001, 1.000, 1.000, 
FRR, 1, fps, 1.0, 0.8, 0.000, 0.000, 
FRR, 1, auc, 1.0, 0.8, 1.000, 1.000, 
FRR, 1, fps, 1.0, 1.0, 0.000, 0.000, 
FRR, 1, auc, 1.0, 1.0, 1.000, 1.000, 
OCSVM, 1, fps, 0.0, 0.0, 0.950, 0.949, 
OCSVM, 1, auc, 0.0, 0.0, 0.466, 0.499, 
OCSVM, 1, fps, 0.0, 0.2, 0.945, 0.947, 
OCSVM, 1, auc, 0.0, 0.2, 0.650, 0.620, 
OCSVM, 1, fps, 0.0, 0.4, 0.913, 0.935, 
OCSVM, 1, auc, 0.0, 0.4, 0.769, 0.767, 
OCSVM, 1, fps, 0.0, 0.6000000000000001, 0.870, 0.849, 
OCSVM, 1, auc, 0.0, 0.6000000000000001, 0.889, 0.909, 
OCSVM, 1, fps, 0.0, 0.8, 0.824, 0.841, 
OCSVM, 1, auc, 0.0, 0.8, 0.962, 0.959, 
OCSVM, 1, fps, 0.0, 1.0, 0.650, 0.697, 
OCSVM, 1, auc, 0.0, 1.0, 0.977, 0.981, 
OCSVM, 1, fps, 0.2, 0.0, 0.950, 0.947, 
OCSVM, 1, auc, 0.2, 0.0, 0.640, 0.483, 
OCSVM, 1, fps, 0.2, 0.2, 0.894, 0.869, 
OCSVM, 1, auc, 0.2, 0.2, 0.856, 0.858, 
OCSVM, 1, fps, 0.2, 0.4, 0.438, 0.425, 
OCSVM, 1, auc, 0.2, 0.4, 0.994, 0.991, 
OCSVM, 1, fps, 0.2, 0.6000000000000001, 0.000, 0.000, 
OCSVM, 1, auc, 0.2, 0.6000000000000001, 1.000, 1.000, 
OCSVM, 1, fps, 0.2, 0.8, 0.000, 0.000, 
OCSVM, 1, auc, 0.2, 0.8, 1.000, 1.000, 
OCSVM, 1, fps, 0.2, 1.0, 0.000, 0.000, 
OCSVM, 1, auc, 0.2, 1.0, 1.000, 1.000, 
OCSVM, 1, fps, 0.4, 0.0, 0.948, 0.949, 
OCSVM, 1, auc, 0.4, 0.0, 0.533, 0.473, 
OCSVM, 1, fps, 0.4, 0.2, 0.833, 0.810, 
OCSVM, 1, auc, 0.4, 0.2, 0.927, 0.939, 
OCSVM, 1, fps, 0.4, 0.4, 0.038, 0.000, 
OCSVM, 1, auc, 0.4, 0.4, 1.000, 1.000, 
OCSVM, 1, fps, 0.4, 0.6000000000000001, 0.000, 0.000, 
OCSVM, 1, auc, 0.4, 0.6000000000000001, 1.000, 1.000, 
OCSVM, 1, fps, 0.4, 0.8, 0.000, 0.000, 
OCSVM, 1, auc, 0.4, 0.8, 1.000, 1.000, 
OCSVM, 1, fps, 0.4, 1.0, 0.000, 0.000, 
OCSVM, 1, auc, 0.4, 1.0, 1.000, 1.000, 
OCSVM, 1, fps, 0.6000000000000001, 0.0, 0.949, 0.949, 
OCSVM, 1, auc, 0.6000000000000001, 0.0, 0.543, 0.546, 
OCSVM, 1, fps, 0.6000000000000001, 0.2, 0.593, 0.618, 
OCSVM, 1, auc, 0.6000000000000001, 0.2, 0.981, 0.982, 
OCSVM, 1, fps, 0.6000000000000001, 0.4, 0.000, 0.000, 
OCSVM, 1, auc, 0.6000000000000001, 0.4, 1.000, 1.000, 
OCSVM, 1, fps, 0.6000000000000001, 0.6000000000000001, 0.000, 0.000, 
OCSVM, 1, auc, 0.6000000000000001, 0.6000000000000001, 1.000, 1.000, 
OCSVM, 1, fps, 0.6000000000000001, 0.8, 0.000, 0.000, 
OCSVM, 1, auc, 0.6000000000000001, 0.8, 1.000, 1.000, 
OCSVM, 1, fps, 0.6000000000000001, 1.0, 0.000, 0.000, 
OCSVM, 1, auc, 0.6000000000000001, 1.0, 1.000, 1.000, 
OCSVM, 1, fps, 0.8, 0.0, 0.949, 0.950, 
OCSVM, 1, auc, 0.8, 0.0, 0.485, 0.473, 
OCSVM, 1, fps, 0.8, 0.2, 0.479, 0.138, 
OCSVM, 1, auc, 0.8, 0.2, 0.996, 0.998, 
OCSVM, 1, fps, 0.8, 0.4, 0.000, 0.000, 
OCSVM, 1, auc, 0.8, 0.4, 1.000, 1.000, 
OCSVM, 1, fps, 0.8, 0.6000000000000001, 0.000, 0.000, 
OCSVM, 1, auc, 0.8, 0.6000000000000001, 1.000, 1.000, 
OCSVM, 1, fps, 0.8, 0.8, 0.000, 0.000, 
OCSVM, 1, auc, 0.8, 0.8, 1.000, 1.000, 
OCSVM, 1, fps, 0.8, 1.0, 0.000, 0.000, 
OCSVM, 1, auc, 0.8, 1.0, 1.000, 1.000, 
OCSVM, 1, fps, 1.0, 0.0, 0.948, 0.949, 
OCSVM, 1, auc, 1.0, 0.0, 0.493, 0.499, 
OCSVM, 1, fps, 1.0, 0.2, 0.231, 0.153, 
OCSVM, 1, auc, 1.0, 0.2, 0.999, 1.000, 
OCSVM, 1, fps, 1.0, 0.4, 0.000, 0.000, 
OCSVM, 1, auc, 1.0, 0.4, 1.000, 1.000, 
OCSVM, 1, fps, 1.0, 0.6000000000000001, 0.000, 0.000, 
OCSVM, 1, auc, 1.0, 0.6000000000000001, 1.000, 1.000, 
OCSVM, 1, fps, 1.0, 0.8, 0.000, 0.000, 
OCSVM, 1, auc, 1.0, 0.8, 1.000, 1.000, 
OCSVM, 1, fps, 1.0, 1.0, 0.000, 0.000, 
OCSVM, 1, auc, 1.0, 1.0, 1.000, 1.000, 
VAR, 2, fps, 0.0, 0.0, 0.949, 0.950, 
VAR, 2, auc, 0.0, 0.0, 0.528, 0.527, 
VAR, 2, fps, 0.0, 0.2, 0.939, 0.944, 
VAR, 2, auc, 0.0, 0.2, 0.547, 0.508, 
VAR, 2, fps, 0.0, 0.4, 0.928, 0.935, 
VAR, 2, auc, 0.0, 0.4, 0.637, 0.612, 
VAR, 2, fps, 0.0, 0.6000000000000001, 0.915, 0.920, 
VAR, 2, auc, 0.0, 0.6000000000000001, 0.721, 0.709, 
VAR, 2, fps, 0.0, 0.8, 0.908, 0.897, 
VAR, 2, auc, 0.0, 0.8, 0.828, 0.817, 
VAR, 2, fps, 0.0, 1.0, 0.909, 0.901, 
VAR, 2, auc, 0.0, 1.0, 0.882, 0.798, 
VAR, 2, fps, 0.2, 0.0, 0.946, 0.950, 
VAR, 2, auc, 0.2, 0.0, 0.493, 0.471, 
VAR, 2, fps, 0.2, 0.2, 0.920, 0.929, 
VAR, 2, auc, 0.2, 0.2, 0.563, 0.560, 
VAR, 2, fps, 0.2, 0.4, 0.857, 0.837, 
VAR, 2, auc, 0.2, 0.4, 0.853, 0.880, 
VAR, 2, fps, 0.2, 0.6000000000000001, 0.438, 0.618, 
VAR, 2, auc, 0.2, 0.6000000000000001, 0.994, 0.981, 
VAR, 2, fps, 0.2, 0.8, 0.242, 0.219, 
VAR, 2, auc, 0.2, 0.8, 0.999, 0.999, 
VAR, 2, fps, 0.2, 1.0, 0.057, 0.107, 
VAR, 2, auc, 0.2, 1.0, 1.000, 0.999, 
VAR, 2, fps, 0.4, 0.0, 0.949, 1.000, 
VAR, 2, auc, 0.4, 0.0, 0.542, 0.466, 
VAR, 2, fps, 0.4, 0.2, 0.920, 0.883, 
VAR, 2, auc, 0.4, 0.2, 0.705, 0.791, 
VAR, 2, fps, 0.4, 0.4, 0.688, 0.569, 
VAR, 2, auc, 0.4, 0.4, 0.988, 0.984, 
VAR, 2, fps, 0.4, 0.6000000000000001, 0.419, 0.495, 
VAR, 2, auc, 0.4, 0.6000000000000001, 0.997, 0.997, 
VAR, 2, fps, 0.4, 0.8, 0.000, 0.138, 
VAR, 2, auc, 0.4, 0.8, 1.000, 1.000, 
VAR, 2, fps, 0.4, 1.0, 0.882, 0.000, 
VAR, 2, auc, 0.4, 1.0, 0.992, 1.000, 
VAR, 2, fps, 0.6000000000000001, 0.0, 0.949, 0.950, 
VAR, 2, auc, 0.6000000000000001, 0.0, 0.447, 0.533, 
VAR, 2, fps, 0.6000000000000001, 0.2, 0.892, 0.885, 
VAR, 2, auc, 0.6000000000000001, 0.2, 0.772, 0.791, 
VAR, 2, fps, 0.6000000000000001, 0.4, 0.635, 0.788, 
VAR, 2, auc, 0.6000000000000001, 0.4, 0.995, 0.978, 
VAR, 2, fps, 0.6000000000000001, 0.6000000000000001, 0.153, 0.091, 
VAR, 2, auc, 0.6000000000000001, 0.6000000000000001, 0.999, 1.000, 
VAR, 2, fps, 0.6000000000000001, 0.8, 0.000, 0.000, 
VAR, 2, auc, 0.6000000000000001, 0.8, 1.000, 1.000, 
VAR, 2, fps, 0.6000000000000001, 1.0, 0.057, 0.000, 
VAR, 2, auc, 0.6000000000000001, 1.0, 0.999, 1.000, 
VAR, 2, fps, 0.8, 0.0, 0.949, 0.950, 
VAR, 2, auc, 0.8, 0.0, 0.446, 0.497, 
VAR, 2, fps, 0.8, 0.2, 0.860, 0.891, 
VAR, 2, auc, 0.8, 0.2, 0.886, 0.887, 
VAR, 2, fps, 0.8, 0.4, 0.858, 0.770, 
VAR, 2, auc, 0.8, 0.4, 0.993, 0.992, 
VAR, 2, fps, 0.8, 0.6000000000000001, 0.921, 0.286, 
VAR, 2, auc, 0.8, 0.6000000000000001, 0.986, 0.999, 
VAR, 2, fps, 0.8, 0.8, 0.254, 0.927, 
VAR, 2, auc, 0.8, 0.8, 1.000, 0.987, 
VAR, 2, fps, 0.8, 1.0, 0.000, 0.020, 
VAR, 2, auc, 0.8, 1.0, 1.000, 1.000, 
VAR, 2, fps, 1.0, 0.0, 0.948, 0.948, 
VAR, 2, auc, 1.0, 0.0, 0.624, 0.459, 
VAR, 2, fps, 1.0, 0.2, 0.831, 0.881, 
VAR, 2, auc, 1.0, 0.2, 0.904, 0.904, 
VAR, 2, fps, 1.0, 0.4, 0.671, 0.742, 
VAR, 2, auc, 1.0, 0.4, 0.995, 0.991, 
VAR, 2, fps, 1.0, 0.6000000000000001, 0.554, 0.609, 
VAR, 2, auc, 1.0, 0.6000000000000001, 0.999, 0.993, 
VAR, 2, fps, 1.0, 0.8, 0.915, 0.855, 
VAR, 2, auc, 1.0, 0.8, 0.971, 0.993, 
VAR, 2, fps, 1.0, 1.0, 0.000, 0.000, 
VAR, 2, auc, 1.0, 1.0, 1.000, 1.000, 
FRO, 2, fps, 0.0, 0.0, 0.949, 0.950, 
FRO, 2, auc, 0.0, 0.0, 0.532, 0.441, 
FRO, 2, fps, 0.0, 0.2, 0.888, 0.925, 
FRO, 2, auc, 0.0, 0.2, 0.978, 0.940, 
FRO, 2, fps, 0.0, 0.4, 0.000, 0.000, 
FRO, 2, auc, 0.0, 0.4, 1.000, 1.000, 
FRO, 2, fps, 0.0, 0.6000000000000001, 0.000, 0.000, 
FRO, 2, auc, 0.0, 0.6000000000000001, 1.000, 1.000, 
FRO, 2, fps, 0.0, 0.8, 0.000, 0.000, 
FRO, 2, auc, 0.0, 0.8, 1.000, 1.000, 
FRO, 2, fps, 0.0, 1.0, 0.000, 0.000, 
FRO, 2, auc, 0.0, 1.0, 1.000, 1.000, 
FRO, 2, fps, 0.2, 0.0, 0.949, 0.949, 
FRO, 2, auc, 0.2, 0.0, 0.475, 0.524, 
FRO, 2, fps, 0.2, 0.2, 0.000, 0.000, 
FRO, 2, auc, 0.2, 0.2, 1.000, 1.000, 
FRO, 2, fps, 0.2, 0.4, 0.000, 0.000, 
FRO, 2, auc, 0.2, 0.4, 1.000, 1.000, 
FRO, 2, fps, 0.2, 0.6000000000000001, 0.000, 0.000, 
FRO, 2, auc, 0.2, 0.6000000000000001, 1.000, 1.000, 
FRO, 2, fps, 0.2, 0.8, 0.000, 0.000, 
FRO, 2, auc, 0.2, 0.8, 1.000, 1.000, 
FRO, 2, fps, 0.2, 1.0, 0.000, 0.000, 
FRO, 2, auc, 0.2, 1.0, 1.000, 1.000, 
FRO, 2, fps, 0.4, 0.0, 0.950, 0.950, 
FRO, 2, auc, 0.4, 0.0, 0.486, 0.533, 
FRO, 2, fps, 0.4, 0.2, 0.000, 0.000, 
FRO, 2, auc, 0.4, 0.2, 1.000, 1.000, 
FRO, 2, fps, 0.4, 0.4, 0.000, 0.000, 
FRO, 2, auc, 0.4, 0.4, 1.000, 1.000, 
FRO, 2, fps, 0.4, 0.6000000000000001, 0.000, 0.000, 
FRO, 2, auc, 0.4, 0.6000000000000001, 1.000, 1.000, 
FRO, 2, fps, 0.4, 0.8, 0.000, 0.000, 
FRO, 2, auc, 0.4, 0.8, 1.000, 1.000, 
FRO, 2, fps, 0.4, 1.0, 0.000, 0.000, 
FRO, 2, auc, 0.4, 1.0, 1.000, 1.000, 
FRO, 2, fps, 0.6000000000000001, 0.0, 0.946, 1.000, 
FRO, 2, auc, 0.6000000000000001, 0.0, 0.496, 0.404, 
FRO, 2, fps, 0.6000000000000001, 0.2, 0.000, 0.000, 
FRO, 2, auc, 0.6000000000000001, 0.2, 1.000, 1.000, 
FRO, 2, fps, 0.6000000000000001, 0.4, 0.000, 0.000, 
FRO, 2, auc, 0.6000000000000001, 0.4, 1.000, 1.000, 
FRO, 2, fps, 0.6000000000000001, 0.6000000000000001, 0.000, 0.000, 
FRO, 2, auc, 0.6000000000000001, 0.6000000000000001, 1.000, 1.000, 
FRO, 2, fps, 0.6000000000000001, 0.8, 0.000, 0.000, 
FRO, 2, auc, 0.6000000000000001, 0.8, 1.000, 1.000, 
FRO, 2, fps, 0.6000000000000001, 1.0, 0.000, 0.000, 
FRO, 2, auc, 0.6000000000000001, 1.0, 1.000, 1.000, 
FRO, 2, fps, 0.8, 0.0, 0.949, 0.950, 
FRO, 2, auc, 0.8, 0.0, 0.490, 0.529, 
FRO, 2, fps, 0.8, 0.2, 0.000, 0.000, 
FRO, 2, auc, 0.8, 0.2, 1.000, 1.000, 
FRO, 2, fps, 0.8, 0.4, 0.000, 0.000, 
FRO, 2, auc, 0.8, 0.4, 1.000, 1.000, 
FRO, 2, fps, 0.8, 0.6000000000000001, 0.000, 0.000, 
FRO, 2, auc, 0.8, 0.6000000000000001, 1.000, 1.000, 
FRO, 2, fps, 0.8, 0.8, 0.000, 0.000, 
FRO, 2, auc, 0.8, 0.8, 1.000, 1.000, 
FRO, 2, fps, 0.8, 1.0, 0.000, 0.000, 
FRO, 2, auc, 0.8, 1.0, 1.000, 1.000, 
FRO, 2, fps, 1.0, 0.0, 0.950, 0.949, 
FRO, 2, auc, 1.0, 0.0, 0.527, 0.495, 
FRO, 2, fps, 1.0, 0.2, 0.000, 0.000, 
FRO, 2, auc, 1.0, 0.2, 1.000, 1.000, 
FRO, 2, fps, 1.0, 0.4, 0.000, 0.000, 
FRO, 2, auc, 1.0, 0.4, 1.000, 1.000, 
FRO, 2, fps, 1.0, 0.6000000000000001, 0.000, 0.000, 
FRO, 2, auc, 1.0, 0.6000000000000001, 1.000, 1.000, 
FRO, 2, fps, 1.0, 0.8, 0.000, 0.000, 
FRO, 2, auc, 1.0, 0.8, 1.000, 1.000, 
FRO, 2, fps, 1.0, 1.0, 0.000, 0.000, 
FRO, 2, auc, 1.0, 1.0, 1.000, 1.000, 
FRL, 2, fps, 0.0, 0.0, 0.949, 0.950, 
FRL, 2, auc, 0.0, 0.0, 0.538, 0.521, 
FRL, 2, fps, 0.0, 0.2, 0.949, 0.942, 
FRL, 2, auc, 0.0, 0.2, 0.498, 0.506, 
FRL, 2, fps, 0.0, 0.4, 0.934, 0.932, 
FRL, 2, auc, 0.0, 0.4, 0.609, 0.628, 
FRL, 2, fps, 0.0, 0.6000000000000001, 0.915, 0.926, 
FRL, 2, auc, 0.0, 0.6000000000000001, 0.737, 0.681, 
FRL, 2, fps, 0.0, 0.8, 0.856, 0.906, 
FRL, 2, auc, 0.0, 0.8, 0.905, 0.805, 
FRL, 2, fps, 0.0, 1.0, 0.906, 0.861, 
FRL, 2, auc, 0.0, 1.0, 0.806, 0.904, 
FRL, 2, fps, 0.2, 0.0, 0.948, 0.949, 
FRL, 2, auc, 0.2, 0.0, 0.497, 0.469, 
FRL, 2, fps, 0.2, 0.2, 0.917, 0.926, 
FRL, 2, auc, 0.2, 0.2, 0.653, 0.656, 
FRL, 2, fps, 0.2, 0.4, 0.797, 0.863, 
FRL, 2, auc, 0.2, 0.4, 0.949, 0.903, 
FRL, 2, fps, 0.2, 0.6000000000000001, 0.438, 0.630, 
FRL, 2, auc, 0.2, 0.6000000000000001, 0.991, 0.981, 
FRL, 2, fps, 0.2, 0.8, 0.057, 0.000, 
FRL, 2, auc, 0.2, 0.8, 0.999, 1.000, 
FRL, 2, fps, 0.2, 1.0, 0.000, 0.020, 
FRL, 2, auc, 0.2, 1.0, 1.000, 1.000, 
FRL, 2, fps, 0.4, 0.0, 0.950, 0.949, 
FRL, 2, auc, 0.4, 0.0, 0.462, 0.529, 
FRL, 2, fps, 0.4, 0.2, 0.874, 0.911, 
FRL, 2, auc, 0.4, 0.2, 0.811, 0.780, 
FRL, 2, fps, 0.4, 0.4, 0.621, 0.733, 
FRL, 2, auc, 0.4, 0.4, 0.985, 0.967, 
FRL, 2, fps, 0.4, 0.6000000000000001, 0.000, 0.038, 
FRL, 2, auc, 0.4, 0.6000000000000001, 1.000, 1.000, 
FRL, 2, fps, 0.4, 0.8, 0.000, 0.000, 
FRL, 2, auc, 0.4, 0.8, 1.000, 1.000, 
FRL, 2, fps, 0.4, 1.0, 0.000, 0.000, 
FRL, 2, auc, 0.4, 1.0, 1.000, 1.000, 
FRL, 2, fps, 0.6000000000000001, 0.0, 0.950, 0.948, 
FRL, 2, auc, 0.6000000000000001, 0.0, 0.520, 0.618, 
FRL, 2, fps, 0.6000000000000001, 0.2, 0.839, 0.869, 
FRL, 2, auc, 0.6000000000000001, 0.2, 0.849, 0.860, 
FRL, 2, fps, 0.6000000000000001, 0.4, 0.254, 0.123, 
FRL, 2, auc, 0.6000000000000001, 0.4, 0.995, 1.000, 
FRL, 2, fps, 0.6000000000000001, 0.6000000000000001, 0.000, 0.000, 
FRL, 2, auc, 0.6000000000000001, 0.6000000000000001, 1.000, 1.000, 
FRL, 2, fps, 0.6000000000000001, 0.8, 0.000, 0.000, 
FRL, 2, auc, 0.6000000000000001, 0.8, 1.000, 1.000, 
FRL, 2, fps, 0.6000000000000001, 1.0, 0.000, 0.000, 
FRL, 2, auc, 0.6000000000000001, 1.0, 1.000, 1.000, 
FRL, 2, fps, 0.8, 0.0, 0.949, 0.949, 
FRL, 2, auc, 0.8, 0.0, 0.470, 0.466, 
FRL, 2, fps, 0.8, 0.2, 0.814, 0.708, 
FRL, 2, auc, 0.8, 0.2, 0.924, 0.952, 
FRL, 2, fps, 0.8, 0.4, 0.000, 0.000, 
FRL, 2, auc, 0.8, 0.4, 1.000, 1.000, 
FRL, 2, fps, 0.8, 0.6000000000000001, 0.000, 0.000, 
FRL, 2, auc, 0.8, 0.6000000000000001, 1.000, 1.000, 
FRL, 2, fps, 0.8, 0.8, 0.000, 0.000, 
FRL, 2, auc, 0.8, 0.8, 1.000, 1.000, 
FRL, 2, fps, 0.8, 1.0, 0.000, 0.000, 
FRL, 2, auc, 0.8, 1.0, 1.000, 1.000, 
FRL, 2, fps, 1.0, 0.0, 0.949, 0.949, 
FRL, 2, auc, 1.0, 0.0, 0.534, 0.567, 
FRL, 2, fps, 1.0, 0.2, 0.777, 0.664, 
FRL, 2, auc, 1.0, 0.2, 0.936, 0.971, 
FRL, 2, fps, 1.0, 0.4, 0.000, 0.000, 
FRL, 2, auc, 1.0, 0.4, 1.000, 1.000, 
FRL, 2, fps, 1.0, 0.6000000000000001, 0.000, 0.000, 
FRL, 2, auc, 1.0, 0.6000000000000001, 1.000, 1.000, 
FRL, 2, fps, 1.0, 0.8, 0.000, 0.000, 
FRL, 2, auc, 1.0, 0.8, 1.000, 1.000, 
FRL, 2, fps, 1.0, 1.0, 0.000, 0.000, 
FRL, 2, auc, 1.0, 1.0, 1.000, 1.000, 
FRR, 2, fps, 0.0, 0.0, 0.949, 0.950, 
FRR, 2, auc, 0.0, 0.0, 0.546, 0.484, 
FRR, 2, fps, 0.0, 0.2, 0.773, 0.819, 
FRR, 2, auc, 0.0, 0.2, 0.991, 0.981, 
FRR, 2, fps, 0.0, 0.4, 0.000, 0.000, 
FRR, 2, auc, 0.0, 0.4, 1.000, 1.000, 
FRR, 2, fps, 0.0, 0.6000000000000001, 0.000, 0.000, 
FRR, 2, auc, 0.0, 0.6000000000000001, 1.000, 1.000, 
FRR, 2, fps, 0.0, 0.8, 0.000, 0.000, 
FRR, 2, auc, 0.0, 0.8, 1.000, 1.000, 
FRR, 2, fps, 0.0, 1.0, 0.000, 0.000, 
FRR, 2, auc, 0.0, 1.0, 1.000, 1.000, 
FRR, 2, fps, 0.2, 0.0, 0.950, 0.948, 
FRR, 2, auc, 0.2, 0.0, 0.467, 0.534, 
FRR, 2, fps, 0.2, 0.2, 0.000, 0.000, 
FRR, 2, auc, 0.2, 0.2, 1.000, 1.000, 
FRR, 2, fps, 0.2, 0.4, 0.000, 0.000, 
FRR, 2, auc, 0.2, 0.4, 1.000, 1.000, 
FRR, 2, fps, 0.2, 0.6000000000000001, 0.000, 0.000, 
FRR, 2, auc, 0.2, 0.6000000000000001, 1.000, 1.000, 
FRR, 2, fps, 0.2, 0.8, 0.000, 0.000, 
FRR, 2, auc, 0.2, 0.8, 1.000, 1.000, 
FRR, 2, fps, 0.2, 1.0, 0.000, 0.000, 
FRR, 2, auc, 0.2, 1.0, 1.000, 1.000, 
FRR, 2, fps, 0.4, 0.0, 0.950, 0.950, 
FRR, 2, auc, 0.4, 0.0, 0.504, 0.526, 
FRR, 2, fps, 0.4, 0.2, 0.000, 0.000, 
FRR, 2, auc, 0.4, 0.2, 1.000, 1.000, 
FRR, 2, fps, 0.4, 0.4, 0.000, 0.000, 
FRR, 2, auc, 0.4, 0.4, 1.000, 1.000, 
FRR, 2, fps, 0.4, 0.6000000000000001, 0.000, 0.000, 
FRR, 2, auc, 0.4, 0.6000000000000001, 1.000, 1.000, 
FRR, 2, fps, 0.4, 0.8, 0.000, 0.000, 
FRR, 2, auc, 0.4, 0.8, 1.000, 1.000, 
FRR, 2, fps, 0.4, 1.0, 0.000, 0.000, 
FRR, 2, auc, 0.4, 1.0, 1.000, 1.000, 
FRR, 2, fps, 0.6000000000000001, 0.0, 0.950, 0.949, 
FRR, 2, auc, 0.6000000000000001, 0.0, 0.514, 0.516, 
FRR, 2, fps, 0.6000000000000001, 0.2, 0.000, 0.000, 
FRR, 2, auc, 0.6000000000000001, 0.2, 1.000, 1.000, 
FRR, 2, fps, 0.6000000000000001, 0.4, 0.000, 0.000, 
FRR, 2, auc, 0.6000000000000001, 0.4, 1.000, 1.000, 
FRR, 2, fps, 0.6000000000000001, 0.6000000000000001, 0.000, 0.000, 
FRR, 2, auc, 0.6000000000000001, 0.6000000000000001, 1.000, 1.000, 
FRR, 2, fps, 0.6000000000000001, 0.8, 0.000, 0.000, 
FRR, 2, auc, 0.6000000000000001, 0.8, 1.000, 1.000, 
FRR, 2, fps, 0.6000000000000001, 1.0, 0.000, 0.000, 
FRR, 2, auc, 0.6000000000000001, 1.0, 1.000, 1.000, 
FRR, 2, fps, 0.8, 0.0, 0.948, 0.949, 
FRR, 2, auc, 0.8, 0.0, 0.536, 0.529, 
FRR, 2, fps, 0.8, 0.2, 0.000, 0.000, 
FRR, 2, auc, 0.8, 0.2, 1.000, 1.000, 
FRR, 2, fps, 0.8, 0.4, 0.000, 0.000, 
FRR, 2, auc, 0.8, 0.4, 1.000, 1.000, 
FRR, 2, fps, 0.8, 0.6000000000000001, 0.000, 0.000, 
FRR, 2, auc, 0.8, 0.6000000000000001, 1.000, 1.000, 
FRR, 2, fps, 0.8, 0.8, 0.000, 0.000, 
FRR, 2, auc, 0.8, 0.8, 1.000, 1.000, 
FRR, 2, fps, 0.8, 1.0, 0.000, 0.000, 
FRR, 2, auc, 0.8, 1.0, 1.000, 1.000, 
FRR, 2, fps, 1.0, 0.0, 0.950, 0.950, 
FRR, 2, auc, 1.0, 0.0, 0.508, 0.549, 
FRR, 2, fps, 1.0, 0.2, 0.000, 0.000, 
FRR, 2, auc, 1.0, 0.2, 1.000, 1.000, 
FRR, 2, fps, 1.0, 0.4, 0.000, 0.000, 
FRR, 2, auc, 1.0, 0.4, 1.000, 1.000, 
FRR, 2, fps, 1.0, 0.6000000000000001, 0.000, 0.000, 
FRR, 2, auc, 1.0, 0.6000000000000001, 1.000, 1.000, 
FRR, 2, fps, 1.0, 0.8, 0.000, 0.000, 
FRR, 2, auc, 1.0, 0.8, 1.000, 1.000, 
FRR, 2, fps, 1.0, 1.0, 0.000, 0.000, 
FRR, 2, auc, 1.0, 1.0, 1.000, 1.000, 
OCSVM, 2, fps, 0.0, 0.0, 0.950, 0.948, 
OCSVM, 2, auc, 0.0, 0.0, 0.503, 0.483, 
OCSVM, 2, fps, 0.0, 0.2, 0.941, 0.927, 
OCSVM, 2, auc, 0.0, 0.2, 0.800, 0.828, 
OCSVM, 2, fps, 0.0, 0.4, 0.708, 0.783, 
OCSVM, 2, auc, 0.0, 0.4, 0.945, 0.924, 
OCSVM, 2, fps, 0.0, 0.6000000000000001, 0.645, 0.515, 
OCSVM, 2, auc, 0.0, 0.6000000000000001, 0.973, 0.986, 
OCSVM, 2, fps, 0.0, 0.8, 0.375, 0.425, 
OCSVM, 2, auc, 0.0, 0.8, 0.995, 0.991, 
OCSVM, 2, fps, 0.0, 1.0, 0.138, 0.057, 
OCSVM, 2, auc, 0.0, 1.0, 0.999, 1.000, 
OCSVM, 2, fps, 0.2, 0.0, 0.948, 1.000, 
OCSVM, 2, auc, 0.2, 0.0, 0.436, 0.420, 
OCSVM, 2, fps, 0.2, 0.2, 0.569, 0.667, 
OCSVM, 2, auc, 0.2, 0.2, 0.980, 0.960, 
OCSVM, 2, fps, 0.2, 0.4, 0.020, 0.000, 
OCSVM, 2, auc, 0.2, 0.4, 1.000, 1.000, 
OCSVM, 2, fps, 0.2, 0.6000000000000001, 0.000, 0.000, 
OCSVM, 2, auc, 0.2, 0.6000000000000001, 1.000, 1.000, 
OCSVM, 2, fps, 0.2, 0.8, 0.000, 0.000, 
OCSVM, 2, auc, 0.2, 0.8, 1.000, 1.000, 
OCSVM, 2, fps, 0.2, 1.0, 0.000, 0.000, 
OCSVM, 2, auc, 0.2, 1.0, 1.000, 1.000, 
OCSVM, 2, fps, 0.4, 0.0, 0.950, 0.950, 
OCSVM, 2, auc, 0.4, 0.0, 0.484, 0.465, 
OCSVM, 2, fps, 0.4, 0.2, 0.275, 0.167, 
OCSVM, 2, auc, 0.4, 0.2, 0.993, 0.997, 
OCSVM, 2, fps, 0.4, 0.4, 0.000, 0.000, 
OCSVM, 2, auc, 0.4, 0.4, 1.000, 1.000, 
OCSVM, 2, fps, 0.4, 0.6000000000000001, 0.000, 0.000, 
OCSVM, 2, auc, 0.4, 0.6000000000000001, 1.000, 1.000, 
OCSVM, 2, fps, 0.4, 0.8, 0.000, 0.000, 
OCSVM, 2, auc, 0.4, 0.8, 1.000, 1.000, 
OCSVM, 2, fps, 0.4, 1.0, 0.000, 0.000, 
OCSVM, 2, auc, 0.4, 1.0, 1.000, 1.000, 
OCSVM, 2, fps, 0.6000000000000001, 0.0, 0.950, 0.949, 
OCSVM, 2, auc, 0.6000000000000001, 0.0, 0.489, 0.459, 
OCSVM, 2, fps, 0.6000000000000001, 0.2, 0.038, 0.074, 
OCSVM, 2, auc, 0.6000000000000001, 0.2, 0.999, 0.998, 
OCSVM, 2, fps, 0.6000000000000001, 0.4, 0.000, 0.000, 
OCSVM, 2, auc, 0.6000000000000001, 0.4, 1.000, 1.000, 
OCSVM, 2, fps, 0.6000000000000001, 0.6000000000000001, 0.000, 0.000, 
OCSVM, 2, auc, 0.6000000000000001, 0.6000000000000001, 1.000, 1.000, 
OCSVM, 2, fps, 0.6000000000000001, 0.8, 0.000, 0.000, 
OCSVM, 2, auc, 0.6000000000000001, 0.8, 1.000, 1.000, 
OCSVM, 2, fps, 0.6000000000000001, 1.0, 0.000, 0.000, 
OCSVM, 2, auc, 0.6000000000000001, 1.0, 1.000, 1.000, 
OCSVM, 2, fps, 0.8, 0.0, 0.949, 0.950, 
OCSVM, 2, auc, 0.8, 0.0, 0.446, 0.424, 
OCSVM, 2, fps, 0.8, 0.2, 0.020, 0.000, 
OCSVM, 2, auc, 0.8, 0.2, 1.000, 1.000, 
OCSVM, 2, fps, 0.8, 0.4, 0.000, 0.000, 
OCSVM, 2, auc, 0.8, 0.4, 1.000, 1.000, 
OCSVM, 2, fps, 0.8, 0.6000000000000001, 0.000, 0.000, 
OCSVM, 2, auc, 0.8, 0.6000000000000001, 1.000, 1.000, 
OCSVM, 2, fps, 0.8, 0.8, 0.000, 0.000, 
OCSVM, 2, auc, 0.8, 0.8, 1.000, 1.000, 
OCSVM, 2, fps, 0.8, 1.0, 0.000, 0.000, 
OCSVM, 2, auc, 0.8, 1.0, 1.000, 1.000, 
OCSVM, 2, fps, 1.0, 0.0, 0.946, 0.949, 
OCSVM, 2, auc, 1.0, 0.0, 0.564, 0.471, 
OCSVM, 2, fps, 1.0, 0.2, 0.000, 0.000, 
OCSVM, 2, auc, 1.0, 0.2, 1.000, 1.000, 
OCSVM, 2, fps, 1.0, 0.4, 0.000, 0.000, 
OCSVM, 2, auc, 1.0, 0.4, 1.000, 1.000, 
OCSVM, 2, fps, 1.0, 0.6000000000000001, 0.000, 0.000, 
OCSVM, 2, auc, 1.0, 0.6000000000000001, 1.000, 1.000, 
OCSVM, 2, fps, 1.0, 0.8, 0.000, 0.000, 
OCSVM, 2, auc, 1.0, 0.8, 1.000, 1.000, 
OCSVM, 2, fps, 1.0, 1.0, 0.000, 0.000, 
OCSVM, 2, auc, 1.0, 1.0, 1.000, 1.000, 
