algo, name, norm, score, 0, 1,2,3,4,5,6,7,8,9,10,11,12,13,14,15,16,17,18,19
VAR, HTTP, False, fpr, 0.9955, 0.9955, 0.9955, 0.9955, 0.9955, 0.9955, 0.9955, 0.9955, 0.9955, 0.9955, 0.9955, 0.9955, 0.9955, 0.9955, 0.9955, 0.9955, 0.9955, 0.9955, 0.9955, 0.9955, 0.9955, 0.9955, 0.9955, 0.9955, 0.9955, 0.9955, 0.9955, 0.9955, 0.9955, 0.9955, 0.9955, 0.9955
VAR, HTTP, False, auc, 0.4713, 0.4713, 0.4713, 0.4713, 0.4713, 0.4713, 0.4713, 0.4713, 0.4713, 0.4713, 0.4713, 0.4713, 0.4713, 0.4713, 0.4713, 0.4713, 0.4713, 0.4713, 0.4713, 0.4713, 0.4713, 0.4713, 0.4713, 0.4713, 0.4713, 0.4713, 0.4713, 0.4713, 0.4713, 0.4713, 0.4713, 0.4713
VAR, HTTP, True, fpr, 0.9914, 0.9914, 0.9914, 0.9914, 0.9914, 0.9914, 0.9914, 0.9914, 0.9914, 0.9914, 0.9914, 0.9914, 0.9914, 0.9914, 0.9914, 0.9914, 0.9914, 0.9914, 0.9914, 0.9914, 0.9914, 0.9914, 0.9914, 0.9914, 0.9914, 0.9914, 0.9914, 0.9914, 0.9914, 0.9914, 0.9914, 0.9914
VAR, HTTP, True, auc, 0.8535, 0.8535, 0.8535, 0.8535, 0.8535, 0.8535, 0.8535, 0.8535, 0.8535, 0.8535, 0.8535, 0.8535, 0.8535, 0.8535, 0.8535, 0.8535, 0.8535, 0.8535, 0.8535, 0.8535, 0.8535, 0.8535, 0.8535, 0.8535, 0.8535, 0.8535, 0.8535, 0.8535, 0.8535, 0.8535, 0.8535, 0.8535
FRO, HTTP, False, fpr, 0.9173, 0.9173, 0.9173, 0.9173, 0.9173, 0.9173, 0.9173, 0.9173, 0.9173, 0.9173, 0.9173, 0.9173, 0.9173, 0.9173, 0.9173, 0.9173, 0.9173, 0.9173, 0.9173, 0.9173, 0.9173, 0.9173, 0.9173, 0.9173, 0.9173, 0.9173, 0.9173, 0.9173, 0.9173, 0.9173, 0.9173, 0.9173
FRO, HTTP, False, auc, 0.9952, 0.9952, 0.9952, 0.9952, 0.9952, 0.9952, 0.9952, 0.9952, 0.9952, 0.9952, 0.9952, 0.9952, 0.9952, 0.9952, 0.9952, 0.9952, 0.9952, 0.9952, 0.9952, 0.9952, 0.9952, 0.9952, 0.9952, 0.9952, 0.9952, 0.9952, 0.9952, 0.9952, 0.9952, 0.9952, 0.9952, 0.9952
FRO, HTTP, True, fpr, 0.6356, 0.6356, 0.6356, 0.6356, 0.6356, 0.6356, 0.6356, 0.6356, 0.6356, 0.6356, 0.6356, 0.6356, 0.6356, 0.6356, 0.6356, 0.6356, 0.6356, 0.6356, 0.6356, 0.6356, 0.6356, 0.6356, 0.6356, 0.6356, 0.6356, 0.6356, 0.6356, 0.6356, 0.6356, 0.6356, 0.6356, 0.6356
FRO, HTTP, True, auc, 0.9933, 0.9933, 0.9933, 0.9933, 0.9933, 0.9933, 0.9933, 0.9933, 0.9933, 0.9933, 0.9933, 0.9933, 0.9933, 0.9933, 0.9933, 0.9933, 0.9933, 0.9933, 0.9933, 0.9933, 0.9933, 0.9933, 0.9933, 0.9933, 0.9933, 0.9933, 0.9933, 0.9933, 0.9933, 0.9933, 0.9933, 0.9933
FRL, HTTP, False, fpr, 0.9486, 0.9486, 0.9486, 0.9486, 0.9486, 0.9486, 0.9486, 0.9486, 0.9486, 0.9486, 0.9486, 0.9486, 0.9486, 0.9486, 0.9486, 0.9486, 0.9486, 0.9486, 0.9486, 0.9486, 0.9486, 0.9486, 0.9486, 0.9486, 0.9486, 0.9486, 0.9486, 0.9486, 0.9486, 0.9486, 0.9486, 0.9486
FRL, HTTP, False, auc, 0.9953, 0.9953, 0.9953, 0.9953, 0.9953, 0.9953, 0.9953, 0.9953, 0.9953, 0.9953, 0.9953, 0.9953, 0.9953, 0.9953, 0.9953, 0.9953, 0.9953, 0.9953, 0.9953, 0.9953, 0.9953, 0.9953, 0.9953, 0.9953, 0.9953, 0.9953, 0.9953, 0.9953, 0.9953, 0.9953, 0.9953, 0.9953
FRL, HTTP, True, fpr, 0.8701, 0.8701, 0.8701, 0.8701, 0.8701, 0.8701, 0.8701, 0.8701, 0.8701, 0.8701, 0.8701, 0.8701, 0.8701, 0.8701, 0.8701, 0.8701, 0.8701, 0.8701, 0.8701, 0.8701, 0.8701, 0.8701, 0.8701, 0.8701, 0.8701, 0.8701, 0.8701, 0.8701, 0.8701, 0.8701, 0.8701, 0.8701
FRL, HTTP, True, auc, 0.9927, 0.9927, 0.9927, 0.9927, 0.9927, 0.9927, 0.9927, 0.9927, 0.9927, 0.9927, 0.9927, 0.9927, 0.9927, 0.9927, 0.9927, 0.9927, 0.9927, 0.9927, 0.9927, 0.9927, 0.9927, 0.9927, 0.9927, 0.9927, 0.9927, 0.9927, 0.9927, 0.9927, 0.9927, 0.9927, 0.9927, 0.9927
FRR, HTTP, False, fpr, 0.9173, 0.9173, 0.9173, 0.9173, 0.9173, 0.9173, 0.9173, 0.9173, 0.9173, 0.9173, 0.9173, 0.9173, 0.9173, 0.9173, 0.9173, 0.9173, 0.9173, 0.9173, 0.9173, 0.9173, 0.9173, 0.9173, 0.9173, 0.9173, 0.9173, 0.9173, 0.9173, 0.9173, 0.9173, 0.9173, 0.9173, 0.9173
FRR, HTTP, False, auc, 0.9952, 0.9952, 0.9952, 0.9952, 0.9952, 0.9952, 0.9952, 0.9952, 0.9952, 0.9952, 0.9952, 0.9952, 0.9952, 0.9952, 0.9952, 0.9952, 0.9952, 0.9952, 0.9952, 0.9952, 0.9952, 0.9952, 0.9952, 0.9952, 0.9952, 0.9952, 0.9952, 0.9952, 0.9952, 0.9952, 0.9952, 0.9952
FRR, HTTP, True, fpr, 0.6356, 0.6356, 0.6356, 0.6356, 0.6356, 0.6356, 0.6356, 0.6356, 0.6356, 0.6356, 0.6356, 0.6356, 0.6356, 0.6356, 0.6356, 0.6356, 0.6356, 0.6356, 0.6356, 0.6356, 0.6356, 0.6356, 0.6356, 0.6356, 0.6356, 0.6356, 0.6356, 0.6356, 0.6356, 0.6356, 0.6356, 0.6356
FRR, HTTP, True, auc, 0.9933, 0.9933, 0.9933, 0.9933, 0.9933, 0.9933, 0.9933, 0.9933, 0.9933, 0.9933, 0.9933, 0.9933, 0.9933, 0.9933, 0.9933, 0.9933, 0.9933, 0.9933, 0.9933, 0.9933, 0.9933, 0.9933, 0.9933, 0.9933, 0.9933, 0.9933, 0.9933, 0.9933, 0.9933, 0.9933, 0.9933, 0.9933
OCSVM, HTTP, False, fpr, 0.9441, 0.9441, 0.9441, 0.9441, 0.9441, 0.9441, 0.9441, 0.9441, 0.9441, 0.9441, 0.9441, 0.9441, 0.9441, 0.9441, 0.9441, 0.9441, 0.9441, 0.9441, 0.9441, 0.9441, 0.9441, 0.9441, 0.9441, 0.9441, 0.9441, 0.9441, 0.9441, 0.9441, 0.9441, 0.9441, 0.9441, 0.9441
OCSVM, HTTP, False, auc, 0.9953, 0.9953, 0.9953, 0.9953, 0.9953, 0.9953, 0.9953, 0.9953, 0.9953, 0.9953, 0.9953, 0.9953, 0.9953, 0.9953, 0.9953, 0.9953, 0.9953, 0.9953, 0.9953, 0.9953, 0.9953, 0.9953, 0.9953, 0.9953, 0.9953, 0.9953, 0.9953, 0.9953, 0.9953, 0.9953, 0.9953, 0.9953
AE, HTTP, True, fpr, 0.6346, 0.6346, 0.6346, 0.6346, 0.6346, 0.6346, 0.6346, 0.6346, 0.6346, 0.6346, 0.6346, 0.6346, 0.6346, 0.6346, 0.6346, 0.6346, 0.6346, 0.6346, 0.6346, 0.6346, 0.6346, 0.6346, 0.6347, 0.6346, 0.6346, 0.6346, 0.6346, 0.6346, 0.6346, 0.6347, 0.6346, 0.6346
AE, HTTP, True, auc, 0.9960, 0.9960, 0.9960, 0.9960, 0.9960, 0.9960, 0.9960, 0.9960, 0.9960, 0.9960, 0.9960, 0.9960, 0.9960, 0.9960, 0.9960, 0.9960, 0.9960, 0.9960, 0.9960, 0.9960, 0.9960, 0.9960, 0.9960, 0.9960, 0.9960, 0.9960, 0.9960, 0.9960, 0.9960, 0.9960, 0.9960, 0.9960
VAE, HTTP, True, fpr, 0.6258, 0.6279, 0.6282, 0.6254, 0.6292, 0.6157, 0.6270, 0.6193, 0.6255, 0.6212, 0.6337, 0.6181, 0.6190, 0.6311, 0.6218, 0.6161, 0.6200, 0.6290, 0.6272, 0.6188, 0.6290, 0.6196, 0.6200, 0.6169, 0.6137, 0.6183, 0.6175, 0.6149, 0.6198, 0.6286, 0.6207, 0.6272
VAE, HTTP, True, auc, 0.9955, 0.9976, 0.9955, 0.9960, 0.9956, 0.9958, 0.9962, 0.9969, 0.9960, 0.9960, 0.9960, 0.9963, 0.9956, 0.9956, 0.9963, 0.9960, 0.9959, 0.9957, 0.9957, 0.9956, 0.9964, 0.9963, 0.9959, 0.9964, 0.9958, 0.9987, 0.9964, 0.9959, 0.9963, 0.9984, 0.9962, 0.9961
OP, HTTP, True, fpr, 0.9956, 0.9956, 0.9956, 0.9956, 0.9956, 0.9956, 0.9956, 0.9956, 0.9956, 0.9956, 0.9956, 0.9956, 0.9956, 0.9956, 0.9956, 0.9956, 0.9956, 0.9956, 0.9956, 0.9956, 0.9956, 0.9956, 0.9956, 0.9956, 0.9956, 0.9956, 0.9956, 0.9956, 0.9956, 0.9956, 0.9956, 0.9956
OP, HTTP, True, auc, 0.5000, 0.5000, 0.5000, 0.5000, 0.5000, 0.5000, 0.5000, 0.5000, 0.5000, 0.5000, 0.5000, 0.5000, 0.5000, 0.5000, 0.5000, 0.5000, 0.5000, 0.5000, 0.5000, 0.5000, 0.5000, 0.5000, 0.5000, 0.5000, 0.5000, 0.5000, 0.5000, 0.5000, 0.5000, 0.5000, 0.5000, 0.5000
OCSVM, HTTP, True, fpr, 0.6268, 0.6268, 0.6268, 0.6268, 0.6268, 0.6268, 0.6268, 0.6268, 0.6268, 0.6268, 0.6268, 0.6268, 0.6268, 0.6268, 0.6268, 0.6268, 0.6268, 0.6268, 0.6268, 0.6268, 0.6268, 0.6268, 0.6268, 0.6268, 0.6268, 0.6268, 0.6268, 0.6268, 0.6268, 0.6268, 0.6268, 0.6268
OCSVM, HTTP, True, auc, 0.9936, 0.9936, 0.9936, 0.9936, 0.9936, 0.9936, 0.9936, 0.9936, 0.9936, 0.9936, 0.9936, 0.9936, 0.9936, 0.9936, 0.9936, 0.9936, 0.9936, 0.9936, 0.9936, 0.9936, 0.9936, 0.9936, 0.9936, 0.9936, 0.9936, 0.9936, 0.9936, 0.9936, 0.9936, 0.9936, 0.9936, 0.9936
IF, HTTP, True, fpr, 0.8927, 0.8530, 0.8672, 0.8655, 0.8569, 0.8337, 0.8163, 0.8799, 0.8980, 0.8713, 0.8588, 0.7408, 0.8372, 0.8633, 0.8853, 0.9167, 0.7987, 0.8735, 0.8298, 0.8638, 0.8801, 0.8472, 0.8670, 0.8779, 0.8710, 0.8684, 0.8922, 0.8680, 0.8736, 0.8794, 0.8526, 0.8386
IF, HTTP, True, auc, 0.9999, 0.9998, 1.0000, 0.9991, 0.9998, 0.9989, 1.0000, 0.9998, 0.9991, 0.9999, 0.9999, 0.9996, 0.9996, 0.9999, 0.9994, 0.9997, 0.9999, 0.9997, 0.9999, 0.9989, 0.9999, 1.0000, 0.9999, 0.9998, 0.9997, 0.9999, 0.9994, 0.9997, 0.9995, 0.9999, 0.9999, 0.9999
GMM, HTTP, True, fpr, 1.0000, 1.0000, 1.0000, 0.5816, 1.0000, 1.0000, 1.0000, 1.0000, 1.0000, 1.0000, 1.0000, 0.5816, 1.0000, 1.0000, 1.0000, 1.0000, 1.0000, 1.0000, 0.5816, 1.0000, 0.5816, 1.0000, 1.0000, 1.0000, 1.0000, 1.0000, 1.0000, 1.0000, 1.0000, 1.0000, 1.0000, 1.0000
GMM, HTTP, True, auc, 0.0515, 0.0515, 0.0515, 0.9961, 0.0515, 0.0515, 0.0515, 0.0515, 0.0515, 0.0515, 0.0515, 0.9961, 0.0515, 0.0515, 0.0515, 0.0515, 0.0515, 0.0515, 0.9961, 0.0515, 0.9961, 0.0515, 0.0515, 0.0515, 0.0515, 0.0515, 0.0515, 0.0515, 0.0515, 0.0515, 0.0515, 0.0515
LSTM, HTTP, True, fpr, 0.9959, 0.9961, 0.9961, 0.9961, 0.9961, 0.9957, 0.9961, 0.9961, 0.9952, 0.9959, 0.9961, 0.9961, 0.9960, 0.9961, 0.9960, 0.9961, 0.9961, 0.9961, 0.9961, 1.0000, 0.9961, 0.9960, 0.9959, 0.9959, 0.9961, 0.9961, 0.9961, 0.9958, 0.9960, 0.9961, 0.9961, 0.9960
LSTM, HTTP, True, auc, 0.0822, 0.1060, 0.1573, 0.0463, 0.0468, 0.6551, 0.0565, 0.0481, 0.7121, 0.3979, 0.0561, 0.0491, 0.0522, 0.1262, 0.0586, 0.0422, 0.0559, 0.0414, 0.0918, 0.6882, 0.3998, 0.0971, 0.3334, 0.5519, 0.0356, 0.0709, 0.0399, 0.1717, 0.0630, 0.0626, 0.0404, 0.4421
GRU, HTTP, True, fpr, 0.9961, 0.9958, 0.9961, 0.9955, 0.9956, 1.0000, 0.9961, 0.9959, 0.9961, 0.9961, 0.9960, 0.9961, 0.9958, 0.9961, 0.9961, 0.9961, 0.9961, 0.9960, 0.9961, 0.9961, 0.9960, 0.9961, 0.9960, 0.9958, 0.9961, 0.9957, 0.9961, 0.9957, 0.9959, 0.9960, 0.9961, 0.9961
GRU, HTTP, True, auc, 0.1807, 0.4054, 0.1635, 0.5851, 0.3893, 0.0868, 0.0417, 0.3538, 0.3930, 0.3279, 0.2616, 0.4482, 0.4620, 0.2051, 0.0610, 0.0333, 0.3224, 0.3955, 0.0435, 0.1129, 0.3385, 0.0991, 0.2995, 0.3866, 0.0836, 0.4339, 0.0437, 0.5837, 0.4068, 0.2852, 0.3015, 0.2355

