algo, name, norm, score, 0, 1,2,3,4,5,6,7,8,9,10,11,12,13,14,15,16,17,18,19
VAR, occupancy, False, fpr, 0.7688, 0.7688, 0.7688, 0.7688, 0.7688, 0.7688, 0.7688, 0.7688, 0.7688, 0.7688, 0.7688, 0.7688, 0.7688, 0.7688, 0.7688, 0.7688, 0.7688, 0.7688, 0.7688, 0.7688, 0.7688, 0.7688, 0.7688, 0.7688, 0.7688, 0.7688, 0.7688, 0.7688, 0.7688, 0.7688, 0.7688, 0.7688
VAR, occupancy, False, auc, 0.7513, 0.7513, 0.7513, 0.7513, 0.7513, 0.7513, 0.7513, 0.7513, 0.7513, 0.7513, 0.7513, 0.7513, 0.7513, 0.7513, 0.7513, 0.7513, 0.7513, 0.7513, 0.7513, 0.7513, 0.7513, 0.7513, 0.7513, 0.7513, 0.7513, 0.7513, 0.7513, 0.7513, 0.7513, 0.7513, 0.7513, 0.7513
VAR, occupancy, True, fpr, 0.7681, 0.7681, 0.7681, 0.7681, 0.7681, 0.7681, 0.7681, 0.7681, 0.7681, 0.7681, 0.7681, 0.7681, 0.7681, 0.7681, 0.7681, 0.7681, 0.7681, 0.7681, 0.7681, 0.7681, 0.7681, 0.7681, 0.7681, 0.7681, 0.7681, 0.7681, 0.7681, 0.7681, 0.7681, 0.7681, 0.7681, 0.7681
VAR, occupancy, True, auc, 0.6624, 0.6624, 0.6624, 0.6624, 0.6624, 0.6624, 0.6624, 0.6624, 0.6624, 0.6624, 0.6624, 0.6624, 0.6624, 0.6624, 0.6624, 0.6624, 0.6624, 0.6624, 0.6624, 0.6624, 0.6624, 0.6624, 0.6624, 0.6624, 0.6624, 0.6624, 0.6624, 0.6624, 0.6624, 0.6624, 0.6624, 0.6624
FRO, occupancy, False, fpr, 0.7689, 1.0000, 0.7689, 0.7689, 0.7689, 0.7689, 0.7689, 0.7689, 0.7689, 0.7689, 0.7689, 0.7689, 0.7689, 0.7689, 0.7689, 0.7689, 1.0000, 0.7689, 0.7689, 0.7689, 0.7689, 0.7689, 0.7689, 0.7689, 0.7689, 0.7689, 0.7689, 1.0000, 0.7689, 0.7689, 0.7689, 1.0000
FRO, occupancy, False, auc, 0.7702, 0.7674, 0.7655, 0.7647, 0.7712, 0.7712, 0.7651, 0.7680, 0.7722, 0.7703, 0.7678, 0.7710, 0.7716, 0.7687, 0.7677, 0.7671, 0.7682, 0.7677, 0.7661, 0.7643, 0.7653, 0.7678, 0.7650, 0.7680, 0.7699, 0.7682, 0.7635, 0.7656, 0.7703, 0.7643, 0.7631, 0.7668
FRO, occupancy, True, fpr, 0.7684, 0.7683, 0.7681, 0.7683, 0.7682, 0.7685, 0.7678, 0.7683, 0.7684, 0.7683, 0.7682, 0.7684, 0.7681, 0.7681, 0.7683, 0.7683, 0.7681, 0.7685, 0.7685, 0.7684, 0.7683, 0.7684, 0.7681, 0.7682, 0.7683, 0.7680, 0.7685, 0.7684, 0.7680, 0.7682, 0.7682, 0.7682
FRO, occupancy, True, auc, 0.7871, 0.7872, 0.7903, 0.7885, 0.7887, 0.7870, 0.7918, 0.7897, 0.7870, 0.7871, 0.7892, 0.7883, 0.7915, 0.7909, 0.7874, 0.7890, 0.7928, 0.7856, 0.7858, 0.7868, 0.7888, 0.7862, 0.7892, 0.7894, 0.7882, 0.7898, 0.7856, 0.7866, 0.7911, 0.7877, 0.7897, 0.7895
FRL, occupancy, False, fpr, 0.7689, 0.7688, 0.7689, 0.7688, 0.7688, 0.7689, 0.7685, 0.7688, 0.7686, 0.7689, 0.7689, 0.7689, 0.7689, 0.7686, 0.7689, 0.7688, 0.7686, 0.7689, 0.7688, 0.7689, 0.7688, 0.7688, 0.7689, 0.7688, 0.7689, 0.7689, 0.7688, 0.7688, 0.7688, 0.7687, 0.7689, 0.7688
FRL, occupancy, False, auc, 0.7732, 0.7729, 0.7739, 0.7767, 0.7667, 0.7769, 0.7719, 0.7721, 0.7757, 0.7714, 0.7716, 0.7759, 0.7717, 0.7744, 0.7722, 0.7713, 0.7729, 0.7767, 0.7741, 0.7782, 0.7665, 0.7734, 0.7778, 0.7771, 0.7739, 0.7710, 0.7741, 0.7724, 0.7755, 0.7743, 0.7767, 0.7737
FRL, occupancy, True, fpr, 0.7260, 0.7259, 0.7266, 0.7264, 0.7235, 0.7253, 0.7261, 0.7262, 0.7240, 0.7258, 0.7260, 0.7249, 0.7246, 0.7255, 0.7227, 0.7249, 0.7231, 0.7249, 0.7249, 0.7237, 0.7259, 0.7242, 0.7265, 0.7246, 0.7248, 0.7241, 0.7261, 0.7246, 0.7241, 0.7236, 0.7252, 0.7247
FRL, occupancy, True, auc, 0.7886, 0.7882, 0.7878, 0.7879, 0.7922, 0.7896, 0.7896, 0.7881, 0.7915, 0.7895, 0.7882, 0.7905, 0.7914, 0.7886, 0.7933, 0.7902, 0.7924, 0.7914, 0.7906, 0.7908, 0.7886, 0.7882, 0.7894, 0.7915, 0.7930, 0.7894, 0.7898, 0.7898, 0.7909, 0.7908, 0.7910, 0.7910
FRR, occupancy, False, fpr, 0.7685, 0.7687, 0.7687, 0.7689, 0.7688, 0.7689, 0.7689, 0.7687, 0.7688, 0.7688, 0.7689, 0.7689, 0.7686, 0.7687, 0.7689, 0.7687, 0.7686, 0.7686, 0.7689, 0.7688, 1.0000, 0.7688, 0.7688, 0.7687, 0.7688, 0.7689, 0.7686, 0.7686, 0.7689, 0.7688, 0.7689, 0.7687
FRR, occupancy, False, auc, 0.7718, 0.7720, 0.7713, 0.7668, 0.7724, 0.7668, 0.7681, 0.7700, 0.7727, 0.7697, 0.7696, 0.7712, 0.7709, 0.7700, 0.7712, 0.7767, 0.7728, 0.7761, 0.7692, 0.7673, 0.7763, 0.7698, 0.7773, 0.7714, 0.7709, 0.7730, 0.7729, 0.7717, 0.7729, 0.7653, 0.7703, 0.7711
FRR, occupancy, True, fpr, 0.7685, 0.7683, 0.7683, 0.7682, 0.7683, 0.7683, 0.7680, 0.7681, 0.7683, 0.7685, 0.7682, 0.7686, 0.7683, 0.7685, 0.7683, 0.7684, 0.7683, 0.7681, 0.7683, 0.7685, 0.7683, 0.7683, 0.7683, 0.7683, 0.7683, 0.7686, 0.7683, 0.7682, 0.7684, 0.7681, 0.7683, 0.7683
FRR, occupancy, True, auc, 0.7867, 0.7899, 0.7896, 0.7934, 0.7901, 0.7902, 0.7930, 0.7919, 0.7904, 0.7886, 0.7912, 0.7847, 0.7903, 0.7880, 0.7913, 0.7894, 0.7895, 0.7923, 0.7905, 0.7866, 0.7895, 0.7912, 0.7905, 0.7945, 0.7892, 0.7842, 0.7951, 0.7919, 0.7893, 0.7909, 0.7890, 0.7892
OCSVM, occupancy, False, fpr, 0.7645, 0.7645, 0.7645, 0.7645, 0.7645, 0.7645, 0.7645, 0.7645, 0.7645, 0.7645, 0.7645, 0.7645, 0.7645, 0.7645, 0.7645, 0.7645, 0.7645, 0.7645, 0.7645, 0.7645, 0.7645, 0.7645, 0.7645, 0.7645, 0.7645, 0.7645, 0.7645, 0.7645, 0.7645, 0.7645, 0.7645, 0.7645
OCSVM, occupancy, False, auc, 0.8656, 0.8656, 0.8656, 0.8656, 0.8656, 0.8656, 0.8656, 0.8656, 0.8656, 0.8656, 0.8656, 0.8656, 0.8656, 0.8656, 0.8656, 0.8656, 0.8656, 0.8656, 0.8656, 0.8656, 0.8656, 0.8656, 0.8656, 0.8656, 0.8656, 0.8656, 0.8656, 0.8656, 0.8656, 0.8656, 0.8656, 0.8656
OCSVM, occupancy, True, fpr, 0.7258, 0.7258, 0.7258, 0.7258, 0.7258, 0.7258, 0.7258, 0.7258, 0.7258, 0.7258, 0.7258, 0.7258, 0.7258, 0.7258, 0.7258, 0.7258, 0.7258, 0.7258, 0.7258, 0.7258, 0.7258, 0.7258, 0.7258, 0.7258, 0.7258, 0.7258, 0.7258, 0.7258, 0.7258, 0.7258, 0.7258, 0.7258
OCSVM, occupancy, True, auc, 0.7613, 0.7613, 0.7613, 0.7613, 0.7613, 0.7613, 0.7613, 0.7613, 0.7613, 0.7613, 0.7613, 0.7613, 0.7613, 0.7613, 0.7613, 0.7613, 0.7613, 0.7613, 0.7613, 0.7613, 0.7613, 0.7613, 0.7613, 0.7613, 0.7613, 0.7613, 0.7613, 0.7613, 0.7613, 0.7613, 0.7613, 0.7613
GMM, occupancy, False, fpr, 0.4879, 0.4879, 0.4879, 0.4879, 0.4879, 0.4879, 0.4879, 0.4879, 0.4879, 0.4879, 0.4879, 0.4879, 0.4879, 0.4879, 0.4879, 0.4879, 0.4879, 0.4879, 0.4879, 0.4879, 0.4879, 0.4879, 0.4879, 0.4879, 0.4879, 0.4879, 0.4879, 0.4879, 0.4879, 0.4879, 0.4879, 0.4879
GMM, occupancy, False, auc, 0.8516, 0.8516, 0.8516, 0.8516, 0.8516, 0.8516, 0.8516, 0.8516, 0.8516, 0.8516, 0.8516, 0.8516, 0.8516, 0.8516, 0.8516, 0.8516, 0.8516, 0.8516, 0.8516, 0.8516, 0.8516, 0.8516, 0.8516, 0.8516, 0.8516, 0.8516, 0.8516, 0.8516, 0.8516, 0.8516, 0.8516, 0.8516
GMM, occupancy, True, fpr, 0.3533, 0.3536, 0.3536, 0.4428, 0.3534, 0.4350, 0.4351, 0.4660, 0.4349, 0.4434, 0.3537, 0.4434, 0.4349, 0.4427, 0.4297, 0.3533, 0.4432, 0.3536, 0.4282, 0.4350, 0.4422, 0.4660, 0.4660, 0.3533, 0.4349, 0.3533, 0.3533, 0.4349, 0.4429, 0.3535, 0.4424, 0.4660
GMM, occupancy, True, auc, 0.8745, 0.8745, 0.8745, 0.8168, 0.8745, 0.8378, 0.8379, 0.8204, 0.8377, 0.8167, 0.8744, 0.8171, 0.8377, 0.8168, 0.8298, 0.8745, 0.8167, 0.8745, 0.8294, 0.8377, 0.8371, 0.8204, 0.8204, 0.8745, 0.8377, 0.8745, 0.8745, 0.8377, 0.8172, 0.8745, 0.8168, 0.8204
IF, occupancy, False, fpr, 0.6071, 0.5872, 0.5789, 0.5999, 0.6110, 0.6171, 0.5717, 0.5709, 0.5905, 0.5928, 0.6216, 0.6096, 0.5602, 0.5706, 0.5603, 0.5994, 0.5950, 0.5664, 0.6116, 0.5861, 0.5931, 0.6358, 0.5777, 0.5920, 0.6464, 0.5839, 0.5555, 0.5897, 0.6131, 0.6290, 0.5728, 0.6046
IF, occupancy, False, auc, 0.8318, 0.8466, 0.8521, 0.8601, 0.8563, 0.8341, 0.8573, 0.8414, 0.8503, 0.8487, 0.8388, 0.8279, 0.8730, 0.8369, 0.8675, 0.8697, 0.8781, 0.8489, 0.8406, 0.8585, 0.8581, 0.8430, 0.8667, 0.8467, 0.8167, 0.8596, 0.8553, 0.8565, 0.8329, 0.8517, 0.8664, 0.8407
IF, occupancy, True, fpr, 0.5831, 0.5809, 0.5690, 0.6274, 0.6025, 0.6222, 0.5754, 0.5788, 0.5810, 0.6066, 0.5941, 0.6164, 0.6367, 0.5984, 0.5738, 0.6013, 0.6039, 0.6368, 0.5703, 0.5943, 0.6096, 0.6077, 0.5964, 0.5821, 0.5894, 0.5770, 0.5777, 0.5973, 0.5693, 0.5895, 0.5861, 0.5911
IF, occupancy, True, auc, 0.8714, 0.8633, 0.8709, 0.8375, 0.8398, 0.8238, 0.8730, 0.8503, 0.8469, 0.8359, 0.8452, 0.8243, 0.8274, 0.8415, 0.8537, 0.8539, 0.8423, 0.8316, 0.8711, 0.8494, 0.8252, 0.8324, 0.8764, 0.8307, 0.8559, 0.8745, 0.8479, 0.8407, 0.8390, 0.8554, 0.8554, 0.8427
LSTM, occupancy, False, fpr, 0.6870, 0.6999, 0.6953, 0.6985, 0.6943, 0.6977, 0.6888, 0.6917, 0.6897, 0.6916, 0.6925, 0.6889, 0.6794, 0.7005, 0.6939, 0.7081, 0.6925, 0.6996, 0.6902, 0.6913, 0.6974, 0.6887, 0.6924, 0.6864, 0.6899, 0.6887, 0.6872, 0.6898, 0.6898, 0.7051, 0.6925, 0.6864
LSTM, occupancy, False, auc, 0.9151, 0.9130, 0.9138, 0.9133, 0.9139, 0.9134, 0.9148, 0.9144, 0.9147, 0.9144, 0.9143, 0.9147, 0.9162, 0.9129, 0.9141, 0.9120, 0.9143, 0.9130, 0.9146, 0.9144, 0.9134, 0.9149, 0.9144, 0.9151, 0.9147, 0.9148, 0.9150, 0.9147, 0.9147, 0.9122, 0.9143, 0.9151
LSTM, occupancy, True, fpr, 0.7685, 0.7688, 1.0000, 0.7662, 0.7685, 0.7688, 0.7689, 0.7688, 0.7686, 0.7689, 0.7688, 0.7688, 0.7685, 0.7685, 0.7689, 0.7686, 1.0000, 0.7688, 0.7687, 0.7677, 0.7689, 0.7689, 0.7689, 0.7682, 0.7677, 0.7687, 0.7689, 0.7684, 0.7661, 0.7689, 0.7689, 0.7689
LSTM, occupancy, True, auc, 0.7019, 0.5337, 0.5058, 0.6183, 0.5626, 0.6953, 0.6032, 0.4903, 0.6364, 0.6020, 0.5063, 0.6361, 0.5979, 0.5065, 0.5391, 0.6533, 0.5779, 0.5504, 0.5484, 0.6841, 0.5785, 0.5340, 0.4683, 0.6779, 0.6169, 0.5821, 0.5066, 0.6611, 0.5701, 0.5279, 0.5053, 0.5194
GRU, occupancy, False, fpr, 0.6870, 0.6910, 0.6903, 0.6884, 0.6929, 0.6945, 0.6938, 0.6911, 0.7008, 0.6898, 0.6974, 0.6924, 0.7008, 0.6900, 0.6899, 0.7005, 0.6925, 0.6973, 0.6961, 0.6978, 0.6948, 0.6965, 0.6938, 0.6964, 0.6902, 0.6961, 0.7033, 0.6973, 0.6911, 0.6887, 0.6910, 0.6904
GRU, occupancy, False, auc, 0.9150, 0.9145, 0.9147, 0.9149, 0.9142, 0.9139, 0.9141, 0.9145, 0.9128, 0.9147, 0.9134, 0.9143, 0.9128, 0.9146, 0.9146, 0.9129, 0.9143, 0.9135, 0.9137, 0.9133, 0.9139, 0.9136, 0.9141, 0.9136, 0.9147, 0.9137, 0.9124, 0.9135, 0.9145, 0.9148, 0.9145, 0.9146
GRU, occupancy, True, fpr, 0.7689, 0.7688, 0.7688, 0.7688, 0.7689, 1.0000, 0.7624, 0.7688, 0.7688, 0.7689, 0.7689, 0.7681, 0.7681, 0.7684, 0.7681, 0.7681, 0.7689, 0.7689, 0.7689, 0.7683, 0.7683, 0.7689, 0.7683, 0.7683, 0.7679, 0.7689, 1.0000, 0.7689, 0.7689, 0.7689, 0.7689, 0.7689
GRU, occupancy, True, auc, 0.5243, 0.5963, 0.5963, 0.5963, 0.5210, 0.6007, 0.6586, 0.5963, 0.6119, 0.5626, 0.5495, 0.5830, 0.5830, 0.6275, 0.5830, 0.5830, 0.4861, 0.5125, 0.5108, 0.8067, 0.8067, 0.4792, 0.8067, 0.8067, 0.6129, 0.4884, 0.6535, 0.4884, 0.5594, 0.5486, 0.4884, 0.4884
AE, occupancy, False, fpr, 0.6686, 0.6686, 0.6686, 0.6686, 0.6686, 0.6686, 0.6686, 0.6686, 0.6686, 0.6686, 0.6686, 0.6686, 0.6686, 0.6686, 0.6686, 0.6686, 0.6686, 0.6686, 0.6686, 0.6686, 0.6686, 0.6686, 0.6686, 0.6686, 0.6686, 0.6686, 0.6686, 0.6686, 0.6686, 0.6686, 0.6686, 0.6686
AE, occupancy, False, auc, 0.9202, 0.9202, 0.9202, 0.9202, 0.9202, 0.9202, 0.9202, 0.9202, 0.9202, 0.9202, 0.9202, 0.9202, 0.9202, 0.9202, 0.9202, 0.9202, 0.9202, 0.9202, 0.9202, 0.9202, 0.9202, 0.9202, 0.9202, 0.9202, 0.9202, 0.9202, 0.9202, 0.9202, 0.9202, 0.9202, 0.9202, 0.9202
AE, occupancy, True, fpr, 0.6871, 0.7141, 0.6677, 0.7639, 0.6801, 0.6662, 0.6872, 0.6790, 0.6705, 0.7053, 0.6723, 0.6852, 0.6673, 0.6682, 0.6732, 0.6582, 0.7408, 0.6742, 0.6488, 0.7026, 0.6707, 0.6601, 0.6721, 0.6767, 0.7053, 0.6768, 0.6766, 0.6962, 0.7124, 0.6858, 0.6716, 0.6701
AE, occupancy, True, auc, 0.7793, 0.7801, 0.7794, 0.7784, 0.7806, 0.7794, 0.7796, 0.7800, 0.7790, 0.7791, 0.7798, 0.7797, 0.7804, 0.7796, 0.7805, 0.7798, 0.7793, 0.7792, 0.7787, 0.7795, 0.7799, 0.7785, 0.7797, 0.7797, 0.7796, 0.7798, 0.7800, 0.7791, 0.7790, 0.7795, 0.7793, 0.7800
VAE, occupancy, False, fpr, 1.0000, 0.7574, 0.5411, 0.5599, 0.6945, 0.7643, 0.6215, 0.6988, 0.7253, 0.7669, 0.5540, 0.7671, 0.7661, 0.6751, 0.5645, 0.5889, 0.5652, 0.7663, 0.5639, 0.6231, 0.6951, 0.6066, 0.5826, 0.7689, 0.7092, 0.7049, 0.6840, 0.7679, 0.7611, 0.6840, 0.7182, 0.7685
VAE, occupancy, False, auc, nan, nan, nan, nan, nan, nan, nan, nan, nan, nan, nan, nan, nan, nan, nan, nan, nan, nan, nan, nan, nan, nan, nan, nan, nan, nan, nan, nan, nan, nan, nan, nan
VAE, occupancy, True, fpr, 1.0000, 1.0000, 1.0000, 1.0000, 0.7689, 1.0000, 1.0000, 1.0000, 1.0000, 1.0000, 1.0000, 1.0000, 0.7684, 1.0000, 1.0000, 1.0000, 1.0000, 1.0000, 0.7689, 1.0000, 1.0000, 1.0000, 1.0000, 1.0000, 1.0000, 1.0000, 0.7689, 1.0000, 1.0000, 0.7689, 1.0000, 1.0000
VAE, occupancy, True, auc, 0.2115, 0.2558, 0.2219, 0.3130, 0.2138, 0.1925, 0.3400, 0.2705, 0.2586, 0.1998, 0.2195, 0.2682, 0.2969, 0.2838, 0.2233, 0.2260, 0.2008, 0.1884, 0.3005, 0.2551, 0.2421, 0.2805, 0.2374, 0.2107, 0.2392, 0.2397, 0.2190, 0.2264, 0.2370, 0.2546, 0.2569, 0.2071
OP, occupancy, False, fpr, 1.0000, 1.0000, 1.0000, 1.0000, 1.0000, 1.0000, 1.0000, 1.0000, 1.0000, 1.0000, 1.0000, 1.0000, 1.0000, 1.0000, 1.0000, 1.0000, 1.0000, 1.0000, 1.0000, 1.0000, 1.0000, 1.0000, 1.0000, 1.0000, 1.0000, 1.0000, 1.0000, 1.0000, 1.0000, 1.0000, 1.0000, 1.0000
OP, occupancy, False, auc, 0.5000, 0.5000, 0.5000, 0.5000, 0.5000, 0.5000, 0.5000, 0.5000, 0.5000, 0.5000, 0.5000, 0.5000, 0.5000, 0.5000, 0.5000, 0.5000, 0.5000, 0.5000, 0.5000, 0.5000, 0.5000, 0.5000, 0.5000, 0.5000, 0.5000, 0.5000, 0.5000, 0.5000, 0.5000, 0.5000, 0.5000, 0.5000
OP, occupancy, True, fpr, 1.0000, 1.0000, 1.0000, 1.0000, 1.0000, 1.0000, 1.0000, 1.0000, 1.0000, 1.0000, 1.0000, 1.0000, 1.0000, 1.0000, 1.0000, 1.0000, 1.0000, 1.0000, 1.0000, 1.0000, 1.0000, 1.0000, 1.0000, 1.0000, 1.0000, 1.0000, 1.0000, 1.0000, 1.0000, 1.0000, 1.0000, 1.0000
OP, occupancy, True, auc, 0.5000, 0.5000, 0.5000, 0.5000, 0.5000, 0.5000, 0.5000, 0.5000, 0.5000, 0.5000, 0.5000, 0.5000, 0.5000, 0.5000, 0.5000, 0.5000, 0.5000, 0.5000, 0.5000, 0.5000, 0.5000, 0.5000, 0.5000, 0.5000, 0.5000, 0.5000, 0.5000, 0.5000, 0.5000, 0.5000, 0.5000, 0.5000
