algo, name, norm, score, 0, 1,2,3,4,5,6,7,8,9,10,11,12,13,14,15,16,17,18,19
VAR, SMTP, False, fpr, 0.9997, 0.9997, 0.9997, 0.9997, 0.9997, 0.9997, 0.9997, 0.9997, 0.9997, 0.9997, 0.9997, 0.9997, 0.9997, 0.9997, 0.9997, 0.9997, 0.9997, 0.9997, 0.9997, 0.9997, 0.9997, 0.9997, 0.9997, 0.9997, 0.9997, 0.9997, 0.9997, 0.9997, 0.9997, 0.9997, 0.9997, 0.9997
VAR, SMTP, False, auc, 0.8191, 0.8191, 0.8191, 0.8191, 0.8191, 0.8191, 0.8191, 0.8191, 0.8191, 0.8191, 0.8191, 0.8191, 0.8191, 0.8191, 0.8191, 0.8191, 0.8191, 0.8191, 0.8191, 0.8191, 0.8191, 0.8191, 0.8191, 0.8191, 0.8191, 0.8191, 0.8191, 0.8191, 0.8191, 0.8191, 0.8191, 0.8191
VAR, SMTP, True, fpr, 0.9996, 0.9996, 0.9996, 0.9996, 0.9996, 0.9996, 0.9996, 0.9996, 0.9996, 0.9996, 0.9996, 0.9996, 0.9996, 0.9996, 0.9996, 0.9996, 0.9996, 0.9996, 0.9996, 0.9996, 0.9996, 0.9996, 0.9996, 0.9996, 0.9996, 0.9996, 0.9996, 0.9996, 0.9996, 0.9996, 0.9996, 0.9996
VAR, SMTP, True, auc, 0.8597, 0.8597, 0.8597, 0.8597, 0.8597, 0.8597, 0.8597, 0.8597, 0.8597, 0.8597, 0.8597, 0.8597, 0.8597, 0.8597, 0.8597, 0.8597, 0.8597, 0.8597, 0.8597, 0.8597, 0.8597, 0.8597, 0.8597, 0.8597, 0.8597, 0.8597, 0.8597, 0.8597, 0.8597, 0.8597, 0.8597, 0.8597
FRO, SMTP, False, fpr, 0.9997, 0.9997, 0.9997, 0.9997, 0.9997, 0.9997, 0.9997, 0.9997, 0.9997, 0.9997, 0.9997, 0.9997, 0.9997, 0.9997, 0.9997, 0.9997, 0.9997, 0.9997, 0.9997, 0.9997, 0.9997, 0.9997, 0.9997, 0.9997, 0.9997, 0.9997, 0.9997, 0.9997, 0.9997, 0.9997, 0.9997, 0.9997
FRO, SMTP, False, auc, 0.7709, 0.7712, 0.7713, 0.7706, 0.7712, 0.7710, 0.7706, 0.7710, 0.7709, 0.7710, 0.7712, 0.7712, 0.7713, 0.7708, 0.7712, 0.7708, 0.7708, 0.7709, 0.7709, 0.7709, 0.7712, 0.7706, 0.7709, 0.7708, 0.7712, 0.7705, 0.7711, 0.7711, 0.7710, 0.7704, 0.7709, 0.7707
FRO, SMTP, True, fpr, 0.9997, 0.9997, 0.9997, 0.9997, 0.9997, 0.9997, 0.9997, 0.9997, 0.9997, 0.9997, 0.9997, 0.9997, 0.9997, 0.9997, 0.9997, 0.9997, 0.9997, 0.9997, 0.9997, 0.9997, 0.9997, 0.9997, 0.9997, 0.9997, 0.9997, 0.9997, 0.9997, 0.9997, 0.9997, 0.9997, 0.9997, 0.9997
FRO, SMTP, True, auc, 0.8152, 0.8147, 0.8156, 0.8156, 0.8157, 0.8155, 0.8151, 0.8152, 0.8148, 0.8157, 0.8149, 0.8161, 0.8159, 0.8154, 0.8147, 0.8154, 0.8150, 0.8157, 0.8147, 0.8159, 0.8152, 0.8149, 0.8152, 0.8155, 0.8151, 0.8155, 0.8151, 0.8158, 0.8152, 0.8152, 0.8148, 0.8150
FRL, SMTP, False, fpr, 0.9997, 0.9997, 0.9997, 0.9997, 0.9997, 0.9997, 0.9997, 0.9997, 0.9997, 0.9997, 0.9997, 0.9997, 0.9997, 0.9997, 0.9997, 0.9997, 0.9997, 0.9997, 0.9997, 0.9997, 0.9997, 0.9997, 0.9997, 0.9997, 0.9997, 0.9997, 0.9997, 0.9997, 0.9997, 0.9997, 0.9997, 0.9997
FRL, SMTP, False, auc, 0.7765, 0.7764, 0.7766, 0.7765, 0.7763, 0.7760, 0.7765, 0.7762, 0.7765, 0.7766, 0.7768, 0.7767, 0.7767, 0.7764, 0.7764, 0.7766, 0.7767, 0.7765, 0.7768, 0.7766, 0.7765, 0.7764, 0.7764, 0.7765, 0.7767, 0.7766, 0.7763, 0.7766, 0.7762, 0.7768, 0.7766, 0.7768
FRL, SMTP, True, fpr, 0.9997, 0.9997, 0.9997, 0.9997, 0.9997, 0.9997, 0.9997, 0.9997, 0.9997, 0.9997, 0.9997, 0.9997, 0.9997, 0.9997, 0.9997, 0.9997, 0.9997, 0.9997, 0.9997, 0.9997, 0.9997, 0.9997, 0.9997, 0.9997, 0.9997, 0.9997, 0.9997, 0.9997, 0.9997, 0.9997, 0.9997, 0.9997
FRL, SMTP, True, auc, 0.8166, 0.8166, 0.8162, 0.8162, 0.8159, 0.8170, 0.8163, 0.8164, 0.8168, 0.8163, 0.8161, 0.8163, 0.8158, 0.8162, 0.8159, 0.8160, 0.8164, 0.8156, 0.8162, 0.8165, 0.8161, 0.8156, 0.8160, 0.8169, 0.8158, 0.8165, 0.8162, 0.8161, 0.8159, 0.8166, 0.8161, 0.8161
FRR, SMTP, False, fpr, 0.9997, 0.9997, 0.9997, 0.9997, 0.9997, 0.9997, 0.9997, 0.9997, 0.9997, 0.9997, 0.9997, 0.9997, 0.9997, 0.9997, 0.9997, 0.9997, 0.9997, 0.9997, 0.9997, 0.9997, 0.9997, 0.9997, 0.9997, 0.9997, 0.9997, 0.9997, 0.9997, 0.9997, 0.9997, 0.9997, 0.9997, 0.9997
FRR, SMTP, False, auc, 0.7710, 0.7709, 0.7708, 0.7711, 0.7707, 0.7709, 0.7710, 0.7710, 0.7707, 0.7708, 0.7712, 0.7709, 0.7707, 0.7709, 0.7705, 0.7711, 0.7705, 0.7707, 0.7709, 0.7709, 0.7711, 0.7706, 0.7712, 0.7707, 0.7708, 0.7705, 0.7710, 0.7709, 0.7708, 0.7710, 0.7707, 0.7707
FRR, SMTP, True, fpr, 0.9997, 0.9997, 0.9997, 0.9997, 0.9997, 0.9997, 0.9997, 0.9997, 0.9997, 0.9997, 0.9997, 0.9997, 0.9997, 0.9997, 0.9997, 0.9997, 0.9997, 0.9997, 0.9997, 0.9997, 0.9997, 0.9997, 0.9997, 0.9997, 0.9997, 0.9997, 0.9997, 0.9997, 0.9997, 0.9997, 0.9997, 0.9997
FRR, SMTP, True, auc, 0.8152, 0.8154, 0.8155, 0.8149, 0.8149, 0.8150, 0.8159, 0.8156, 0.8150, 0.8156, 0.8157, 0.8148, 0.8148, 0.8153, 0.8151, 0.8151, 0.8157, 0.8153, 0.8156, 0.8156, 0.8152, 0.8152, 0.8158, 0.8148, 0.8153, 0.8152, 0.8153, 0.8159, 0.8150, 0.8151, 0.8154, 0.8154
OCSVM, SMTP, False, fpr, 0.9997, 0.9997, 0.9997, 0.9997, 0.9997, 0.9997, 0.9997, 0.9997, 0.9997, 0.9997, 0.9997, 0.9997, 0.9997, 0.9997, 0.9997, 0.9997, 0.9997, 0.9997, 0.9997, 0.9997, 0.9997, 0.9997, 0.9997, 0.9997, 0.9997, 0.9997, 0.9997, 0.9997, 0.9997, 0.9997, 0.9997, 0.9997
OCSVM, SMTP, False, auc, 0.7752, 0.7752, 0.7752, 0.7752, 0.7752, 0.7752, 0.7752, 0.7752, 0.7752, 0.7752, 0.7752, 0.7752, 0.7752, 0.7752, 0.7752, 0.7752, 0.7752, 0.7752, 0.7752, 0.7752, 0.7752, 0.7752, 0.7752, 0.7752, 0.7752, 0.7752, 0.7752, 0.7752, 0.7752, 0.7752, 0.7752, 0.7752
OCSVM, SMTP, True, fpr, 0.9996, 0.9996, 0.9996, 0.9996, 0.9996, 0.9996, 0.9996, 0.9996, 0.9996, 0.9996, 0.9996, 0.9996, 0.9996, 0.9996, 0.9996, 0.9996, 0.9996, 0.9996, 0.9996, 0.9996, 0.9996, 0.9996, 0.9996, 0.9996, 0.9996, 0.9996, 0.9996, 0.9996, 0.9996, 0.9996, 0.9996, 0.9996
OCSVM, SMTP, True, auc, 0.8527, 0.8527, 0.8527, 0.8527, 0.8527, 0.8527, 0.8527, 0.8527, 0.8527, 0.8527, 0.8527, 0.8527, 0.8527, 0.8527, 0.8527, 0.8527, 0.8527, 0.8527, 0.8527, 0.8527, 0.8527, 0.8527, 0.8527, 0.8527, 0.8527, 0.8527, 0.8527, 0.8527, 0.8527, 0.8527, 0.8527, 0.8527
GMM, SMTP, False, fpr, 0.9995, 0.9995, 0.9995, 0.9995, 0.9995, 0.9995, 0.9995, 0.9995, 0.9995, 0.9995, 0.9995, 0.9995, 0.9995, 0.9995, 0.9995, 0.9995, 0.9995, 0.9995, 0.9995, 0.9995, 0.9995, 0.9995, 0.9995, 0.9995, 0.9995, 0.9995, 0.9995, 0.9995, 0.9995, 0.9995, 0.9995, 0.9995
GMM, SMTP, False, auc, 0.8974, 0.8974, 0.8974, 0.8974, 0.8974, 0.8974, 0.8974, 0.8974, 0.8974, 0.8974, 0.8974, 0.8974, 0.8974, 0.8974, 0.8974, 0.8974, 0.8974, 0.8974, 0.8974, 0.8974, 0.8974, 0.8974, 0.8974, 0.8974, 0.8974, 0.8974, 0.8974, 0.8974, 0.8974, 0.8974, 0.8974, 0.8974
GMM, SMTP, True, fpr, 0.9995, 0.9995, 0.9995, 0.9995, 0.9995, 0.9995, 0.9995, 0.9995, 0.9995, 0.9995, 0.9995, 0.9995, 0.9995, 0.9995, 0.9995, 0.9995, 0.9995, 0.9995, 0.9995, 0.9995, 0.9995, 0.9995, 0.9995, 0.9995, 0.9995, 0.9995, 0.9995, 0.9995, 0.9995, 0.9995, 0.9995, 0.9995
GMM, SMTP, True, auc, 0.8971, 0.8971, 0.8971, 0.8971, 0.8971, 0.8971, 0.8971, 0.8971, 0.8971, 0.8971, 0.8971, 0.8971, 0.8971, 0.8971, 0.8971, 0.8971, 0.8971, 0.8971, 0.8971, 0.8971, 0.8971, 0.8971, 0.8971, 0.8971, 0.8971, 0.8971, 0.8971, 0.8971, 0.8971, 0.8971, 0.8971, 0.8971
IF, SMTP, False, fpr, 0.9991, 0.9992, 0.9992, 0.9993, 0.9991, 0.9991, 0.9989, 0.9990, 0.9990, 0.9990, 0.9991, 0.9990, 0.9991, 0.9991, 0.9990, 0.9990, 0.9990, 0.9990, 0.9992, 0.9992, 0.9992, 0.9992, 0.9990, 0.9990, 0.9989, 0.9992, 0.9990, 0.9990, 0.9991, 0.9991, 0.9991, 0.9990
IF, SMTP, False, auc, 0.9047, 0.8984, 0.8946, 0.8854, 0.9069, 0.9091, 0.9186, 0.9069, 0.9073, 0.9094, 0.9036, 0.9094, 0.9066, 0.9034, 0.9130, 0.9098, 0.9086, 0.9086, 0.9066, 0.9056, 0.8948, 0.8979, 0.9122, 0.9067, 0.9137, 0.8983, 0.9060, 0.9111, 0.9063, 0.9130, 0.9023, 0.9086
IF, SMTP, True, fpr, 0.9990, 0.9991, 0.9992, 0.9990, 0.9991, 0.9989, 0.9990, 0.9990, 0.9991, 0.9990, 0.9989, 0.9990, 0.9990, 0.9990, 0.9992, 0.9990, 0.9990, 0.9991, 0.9990, 0.9990, 0.9991, 0.9992, 0.9992, 0.9992, 0.9992, 0.9990, 0.9991, 0.9991, 0.9990, 0.9991, 0.9990, 0.9990
IF, SMTP, True, auc, 0.9034, 0.8979, 0.8911, 0.9097, 0.9124, 0.9182, 0.9181, 0.9103, 0.9083, 0.9078, 0.9136, 0.9062, 0.9074, 0.9134, 0.9053, 0.9148, 0.9079, 0.9066, 0.9098, 0.9054, 0.9152, 0.8978, 0.8935, 0.8938, 0.8906, 0.9052, 0.9054, 0.9090, 0.9155, 0.9086, 0.9083, 0.9105
LSTM, SMTP, False, fpr, 0.9996, 0.9996, 0.9996, 0.9996, 0.9996, 0.9996, 0.9996, 0.9996, 0.9996, 0.9996, 0.9996, 0.9996, 0.9996, 0.9996, 0.9996, 0.9996, 0.9996, 0.9996, 0.9996, 0.9996, 0.9996, 0.9996, 0.9996, 0.9996, 0.9996, 0.9996, 0.9996, 0.9996, 0.9996, 0.9996, 0.9996, 0.9996
LSTM, SMTP, False, auc, 0.8083, 0.8197, 0.8147, 0.8213, 0.8169, 0.8210, 0.8164, 0.8143, 0.8196, 0.8080, 0.8235, 0.8209, 0.8191, 0.8170, 0.8188, 0.8259, 0.8131, 0.8201, 0.8116, 0.8192, 0.8216, 0.8183, 0.8145, 0.8216, 0.8137, 0.8255, 0.8144, 0.8171, 0.8233, 0.8200, 0.8108, 0.8191
LSTM, SMTP, True, fpr, 0.9996, 0.9997, 0.9997, 0.9997, 0.9997, 0.9997, 0.9996, 0.9997, 0.9997, 0.9997, 0.9996, 0.9997, 0.9997, 0.9997, 0.9997, 0.9997, 0.9997, 0.9997, 0.9997, 0.9997, 0.9997, 0.9996, 0.9997, 0.9997, 0.9997, 0.9996, 0.9997, 0.9997, 0.9997, 0.9997, 0.9997, 0.9997
LSTM, SMTP, True, auc, 0.8082, 0.8113, 0.8043, 0.8113, 0.8124, 0.8113, 0.8169, 0.8105, 0.8125, 0.8138, 0.8251, 0.8172, 0.8097, 0.8151, 0.8097, 0.8097, 0.8129, 0.8144, 0.8051, 0.7988, 0.8198, 0.8106, 0.8198, 0.8198, 0.8129, 0.8157, 0.8208, 0.8110, 0.8235, 0.8114, 0.8235, 0.8235
GRU, SMTP, False, fpr, 0.9996, 0.9996, 0.9996, 0.9996, 0.9996, 0.9996, 0.9996, 0.9996, 0.9996, 0.9996, 0.9996, 0.9996, 0.9996, 0.9996, 0.9996, 0.9996, 0.9996, 0.9996, 0.9996, 0.9996, 0.9996, 0.9996, 0.9996, 0.9996, 0.9996, 0.9996, 0.9996, 0.9996, 0.9996, 0.9996, 0.9996, 0.9996
GRU, SMTP, False, auc, 0.8289, 0.8289, 0.8289, 0.8220, 0.8289, 0.8364, 0.8220, 0.8292, 0.8315, 0.8238, 0.8238, 0.8320, 0.8316, 0.8320, 0.8320, 0.8320, 0.8274, 0.8218, 0.8266, 0.8272, 0.8266, 0.8266, 0.8272, 0.8266, 0.8371, 0.8507, 0.8317, 0.8317, 0.8303, 0.8303, 0.8303, 0.8303
GRU, SMTP, True, fpr, 0.9996, 0.9996, 0.9996, 0.9996, 0.9996, 0.9996, 0.9996, 0.9996, 0.9997, 0.9997, 0.9997, 0.9997, 0.9997, 0.9997, 0.9996, 0.9996, 0.9996, 0.9996, 0.9996, 0.9996, 0.9997, 0.9996, 0.9997, 0.9997, 0.9996, 0.9996, 0.9996, 0.9996, 0.9997, 0.9997, 0.9996, 0.9997
GRU, SMTP, True, auc, 0.8612, 0.8252, 0.8174, 0.8612, 0.8612, 0.8048, 0.8612, 0.8252, 0.7975, 0.7973, 0.7973, 0.7975, 0.7973, 0.7973, 0.8138, 0.8078, 0.8067, 0.8067, 0.8067, 0.8067, 0.8048, 0.7965, 0.8199, 0.8048, 0.8125, 0.8125, 0.8125, 0.8125, 0.8138, 0.7965, 0.8253, 0.7965
AE, SMTP, False, fpr, 1.0000, 1.0000, 1.0000, 1.0000, 1.0000, 1.0000, 1.0000, 1.0000, 1.0000, 1.0000, 1.0000, 1.0000, 1.0000, 1.0000, 1.0000, 1.0000, 1.0000, 1.0000, 1.0000, 1.0000, 1.0000, 1.0000, 1.0000, 1.0000, 1.0000, 1.0000, 1.0000, 1.0000, 1.0000, 1.0000, 1.0000, 1.0000
AE, SMTP, False, auc, 0.2588, 0.2588, 0.2588, 0.2588, 0.2588, 0.2588, 0.2588, 0.2588, 0.2588, 0.2588, 0.2588, 0.2588, 0.2588, 0.2588, 0.2588, 0.2588, 0.2588, 0.2588, 0.2588, 0.2588, 0.2588, 0.2588, 0.2588, 0.2588, 0.2588, 0.2588, 0.2588, 0.2588, 0.2588, 0.2588, 0.2588, 0.2588
AE, SMTP, True, fpr, 0.9996, 0.9995, 0.9996, 0.9995, 0.9997, 0.9996, 0.9997, 0.9994, 0.9996, 0.9996, 0.9995, 0.9995, 0.9996, 0.9996, 0.9995, 0.9997, 0.9997, 0.9996, 0.9993, 0.9995, 0.9996, 0.9994, 0.9997, 0.9995, 0.9997, 0.9995, 0.9994, 0.9994, 0.9995, 0.9993, 0.9996, 0.9997
AE, SMTP, True, auc, 0.8401, 0.8611, 0.8147, 0.8751, 0.7983, 0.8433, 0.7629, 0.8631, 0.8469, 0.8496, 0.8595, 0.8662, 0.8364, 0.8028, 0.8530, 0.7742, 0.7726, 0.8354, 0.8931, 0.8451, 0.8549, 0.8758, 0.7948, 0.8407, 0.8047, 0.8680, 0.8640, 0.8742, 0.8653, 0.8928, 0.8290, 0.7747
VAE, SMTP, False, fpr, 1.0000, 1.0000, 1.0000, 1.0000, 1.0000, 1.0000, 1.0000, 1.0000, 1.0000, 1.0000, 1.0000, 1.0000, 1.0000, 1.0000, 1.0000, 1.0000, 1.0000, 1.0000, 1.0000, 1.0000, 1.0000, 1.0000, 1.0000, 1.0000, 1.0000, 1.0000, 1.0000, 1.0000, 1.0000, 1.0000, 1.0000, 1.0000
VAE, SMTP, False, auc, 0.2391, 0.2259, 0.2253, 0.2376, 0.2359, 0.2454, 0.2261, 0.2442, 0.2382, 0.2361, 0.2326, 0.2229, 0.2356, 0.2238, 0.2261, 0.2318, 0.2337, 0.2178, 0.2460, 0.2401, 0.2237, 0.2281, 0.2302, 0.2394, 0.2423, 0.2458, 0.2232, 0.2318, 0.2195, 0.2215, 0.2469, 0.2510
VAE, SMTP, True, fpr, 0.9997, 0.9997, 0.9997, 0.9997, 0.9997, 0.9997, 0.9997, 0.9997, 0.9997, 0.9997, 0.9997, 0.9997, 0.9997, 0.9997, 0.9997, 0.9997, 0.9997, 0.9997, 0.9997, 0.9997, 0.9997, 0.9997, 0.9997, 0.9997, 0.9997, 0.9997, 0.9997, 0.9997, 0.9997, 0.9997, 0.9997, 0.9997
VAE, SMTP, True, auc, 0.7687, 0.7650, 0.7605, 0.7664, 0.7685, 0.7755, 0.7575, 0.7516, 0.7708, 0.7717, 0.7649, 0.7854, 0.7704, 0.7623, 0.7714, 0.7597, 0.7607, 0.7658, 0.7762, 0.7602, 0.7660, 0.7723, 0.7692, 0.7632, 0.7717, 0.7610, 0.7625, 0.7607, 0.7658, 0.7596, 0.7663, 0.7666
OP, SMTP, False, fpr, 0.9997, 0.9997, 0.9997, 0.9997, 0.9997, 0.9997, 0.9997, 0.9997, 0.9997, 0.9997, 0.9997, 0.9997, 0.9997, 0.9997, 0.9997, 0.9997, 0.9997, 0.9997, 0.9997, 0.9997, 0.9997, 0.9997, 0.9997, 0.9997, 0.9997, 0.9997, 0.9997, 0.9997, 0.9997, 0.9997, 0.9997, 0.9997
OP, SMTP, False, auc, 0.5000, 0.5000, 0.5000, 0.5000, 0.5000, 0.5000, 0.5000, 0.5000, 0.5000, 0.5000, 0.5000, 0.5000, 0.5000, 0.5000, 0.5000, 0.5000, 0.5000, 0.5000, 0.5000, 0.5000, 0.5000, 0.5000, 0.5000, 0.5000, 0.5000, 0.5000, 0.5000, 0.5000, 0.5000, 0.5000, 0.5000, 0.5000
OP, SMTP, True, fpr, 0.9997, 0.9997, 0.9997, 0.9997, 0.9997, 0.9997, 0.9997, 0.9997, 0.9997, 0.9997, 0.9997, 0.9997, 0.9997, 0.9997, 0.9997, 0.9997, 0.9997, 0.9997, 0.9997, 0.9997, 0.9997, 0.9997, 0.9997, 0.9997, 0.9997, 0.9997, 0.9997, 0.9997, 0.9997, 0.9997, 0.9997, 0.9997
OP, SMTP, True, auc, 0.5000, 0.5000, 0.5000, 0.5000, 0.5000, 0.5000, 0.5000, 0.5000, 0.5000, 0.5000, 0.5000, 0.5000, 0.5000, 0.5000, 0.5000, 0.5000, 0.5000, 0.5000, 0.5000, 0.5000, 0.5000, 0.5000, 0.5000, 0.5000, 0.5000, 0.5000, 0.5000, 0.5000, 0.5000, 0.5000, 0.5000, 0.5000
