VAR, MSL, True, fpr, nan, nan, nan, nan, nan, nan, nan, nan, nan, nan, nan, nan, nan, nan, nan, nan, nan, nan, nan, nan, nan, nan, nan, nan, nan, nan, nan, nan, nan, nan, nan, nan
VAR, MSL, True, auc, nan, nan, nan, nan, nan, nan, nan, nan, nan, nan, nan, nan, nan, nan, nan, nan, nan, nan, nan, nan, nan, nan, nan, nan, nan, nan, nan, nan, nan, nan, nan, nan
VAR, MSL, True, f1b, nan, nan, nan, nan, nan, nan, nan, nan, nan, nan, nan, nan, nan, nan, nan, nan, nan, nan, nan, nan, nan, nan, nan, nan, nan, nan, nan, nan, nan, nan, nan, nan
FRO, MSL, True, fpr, 0.9941, 0.9929, 0.9913, 0.9929, 0.9942, 0.9940, 0.9928, 0.9929, 0.9940, 0.9940, 0.9929, 0.9929, 0.9940, 0.9940, 0.9924, 0.9929, 0.9941, 0.9929, 0.9920, 0.9921, 0.9922, 0.9921, 0.9940, 0.9929, 0.9929, 0.9943, 0.9929, 0.9918, 0.9920, 0.9921, 0.9929, 0.9918
FRO, MSL, True, auc, 0.6014, 0.7107, 0.8236, 0.6920, 0.6716, 0.6400, 0.5936, 0.7102, 0.6181, 0.6331, 0.6674, 0.7176, 0.6475, 0.6405, 0.7674, 0.7107, 0.6480, 0.7102, 0.7404, 0.7341, 0.7087, 0.8115, 0.4825, 0.7033, 0.7102, 0.6970, 0.7133, 0.8176, 0.7535, 0.7485, 0.7033, 0.7379
FRO, MSL, True, f1b, 1.0000, 1.0000, 1.0000, 1.0000, 1.0000, 1.0000, 1.0000, 1.0000, 1.0000, 1.0000, 1.0000, 1.0000, 1.0000, 1.0000, 1.0000, 1.0000, 1.0000, 1.0000, 1.0000, 1.0000, 1.0000, 1.0000, 1.0000, 1.0000, 1.0000, 1.0000, 1.0000, 1.0000, 1.0000, 1.0000, 1.0000, 1.0000
FRL, MSL, True, fpr, 0.9940, 0.9940, 0.9940, 0.9940, 0.9940, 0.9940, 0.9940, 0.9940, 0.9940, 0.9940, 0.9940, 0.9940, 0.9940, 0.9940, 0.9940, 0.9940, 0.9940, 0.9940, 0.9940, 0.9940, 0.9940, 0.9940, 0.9940, 0.9940, 0.9940, 0.9940, 0.9940, 0.9940, 0.9940, 0.9940, 0.9940, 0.9940
FRL, MSL, True, auc, 0.7440, 0.7440, 0.7440, 0.7440, 0.7440, 0.7440, 0.7440, 0.7440, 0.7440, 0.7440, 0.7440, 0.7440, 0.7440, 0.7440, 0.7440, 0.7477, 0.7440, 0.7440, 0.7440, 0.7514, 0.7440, 0.7440, 0.7440, 0.7440, 0.7440, 0.7440, 0.7440, 0.7440, 0.7440, 0.7440, 0.7514, 0.7440
FRL, MSL, True, f1b, 1.0000, 1.0000, 1.0000, 1.0000, 1.0000, 1.0000, 1.0000, 1.0000, 1.0000, 1.0000, 1.0000, 1.0000, 1.0000, 1.0000, 1.0000, 1.0000, 1.0000, 1.0000, 1.0000, 1.0000, 1.0000, 1.0000, 1.0000, 1.0000, 1.0000, 1.0000, 1.0000, 1.0000, 1.0000, 1.0000, 1.0000, 1.0000
FRR, MSL, True, fpr, 0.9929, 0.9924, 0.9918, 0.9929, 0.9924, 0.9924, 0.9924, 0.9924, 0.9924, 0.9921, 0.9924, 0.9940, 0.9940, 0.9924, 0.9924, 0.9929, 0.9929, 0.9924, 0.9924, 0.9924, 0.9929, 0.9919, 0.9929, 0.9924, 0.9929, 0.9940, 0.9924, 0.9924, 0.9924, 0.9924, 0.9940, 0.9929
FRR, MSL, True, auc, 0.7102, 0.7743, 0.8045, 0.7094, 0.7818, 0.7674, 0.7674, 0.7674, 0.7748, 0.7772, 0.7748, 0.6331, 0.6393, 0.7551, 0.7674, 0.7102, 0.7033, 0.7736, 0.7674, 0.7743, 0.7033, 0.8051, 0.7033, 0.7736, 0.7169, 0.6208, 0.7879, 0.7736, 0.7736, 0.7743, 0.6405, 0.7107
FRR, MSL, True, f1b, 1.0000, 1.0000, 1.0000, 1.0000, 1.0000, 1.0000, 1.0000, 1.0000, 1.0000, 1.0000, 1.0000, 1.0000, 1.0000, 1.0000, 1.0000, 1.0000, 1.0000, 1.0000, 1.0000, 1.0000, 1.0000, 1.0000, 1.0000, 1.0000, 1.0000, 1.0000, 1.0000, 1.0000, 1.0000, 1.0000, 1.0000, 1.0000
OCSVM, MSL, True, fpr, 0.9940, 0.9940, 0.9940, 0.9940, 0.9940, 0.9940, 0.9940, 0.9940, 0.9940, 0.9940, 0.9940, 0.9940, 0.9940, 0.9940, 0.9940, 0.9940, 0.9940, 0.9940, 0.9940, 0.9940, 0.9940, 0.9940, 0.9940, 0.9940, 0.9940, 0.9940, 0.9940, 0.9940, 0.9940, 0.9940, 0.9940, 0.9940
OCSVM, MSL, True, auc, 0.7440, 0.7440, 0.7440, 0.7440, 0.7440, 0.7440, 0.7440, 0.7440, 0.7440, 0.7440, 0.7440, 0.7440, 0.7440, 0.7440, 0.7440, 0.7440, 0.7440, 0.7440, 0.7440, 0.7440, 0.7440, 0.7440, 0.7440, 0.7440, 0.7440, 0.7440, 0.7440, 0.7440, 0.7440, 0.7440, 0.7440, 0.7440
OCSVM, MSL, True, f1b, 1.0000, 1.0000, 1.0000, 1.0000, 1.0000, 1.0000, 1.0000, 1.0000, 1.0000, 1.0000, 1.0000, 1.0000, 1.0000, 1.0000, 1.0000, 1.0000, 1.0000, 1.0000, 1.0000, 1.0000, 1.0000, 1.0000, 1.0000, 1.0000, 1.0000, 1.0000, 1.0000, 1.0000, 1.0000, 1.0000, 1.0000, 1.0000
DBSCAN, MSL, True, fpr, 0.9942, 0.9942, 0.9942, 0.9942, 0.9942, 0.9942, 0.9942, 0.9942, 0.9942, 0.9942, 0.9942, 0.9942, 0.9942, 0.9942, 0.9942, 0.9942, 0.9942, 0.9942, 0.9942, 0.9942, 0.9942, 0.9942, 0.9942, 0.9942, 0.9942, 0.9942, 0.9942, 0.9942, 0.9942, 0.9942, 0.9942, 0.9942
DBSCAN, MSL, True, auc, 0.5800, 0.5800, 0.5800, 0.5800, 0.5800, 0.5800, 0.5800, 0.5800, 0.5800, 0.5800, 0.5800, 0.5800, 0.5800, 0.5800, 0.5800, 0.5800, 0.5800, 0.5800, 0.5800, 0.5800, 0.5800, 0.5800, 0.5800, 0.5800, 0.5800, 0.5800, 0.5800, 0.5800, 0.5800, 0.5800, 0.5800, 0.5800
DBSCAN, MSL, True, f1b, 0.7692, 0.7692, 0.7692, 0.7692, 0.7692, 0.7692, 0.7692, 0.7692, 0.7692, 0.7692, 0.7692, 0.7692, 0.7692, 0.7692, 0.7692, 0.7692, 0.7692, 0.7692, 0.7692, 0.7692, 0.7692, 0.7692, 0.7692, 0.7692, 0.7692, 0.7692, 0.7692, 0.7692, 0.7692, 0.7692, 0.7692, 0.7692
GMM, MSL, True, fpr, 0.9942, 0.9942, 0.9921, 0.9921, 0.9921, 0.9914, 0.9940, 0.9940, 0.9921, 0.9940, 0.9944, 0.9942, 0.9940, 0.9940, 0.9940, 0.9940, 0.9914, 0.9921, 0.9940, 0.9937, 0.9940, 0.9940, 0.9940, 0.9921, 0.9940, 0.9940, 0.9940, 0.9940, 0.9916, 0.9940, 0.9945, 0.9921
GMM, MSL, True, auc, 0.7355, 0.7355, 0.8043, 0.8043, 0.8043, 0.8018, 0.6329, 0.6329, 0.8043, 0.6329, 0.7418, 0.7355, 0.6329, 0.6126, 0.6329, 0.6329, 0.8018, 0.8043, 0.6329, 0.6244, 0.6329, 0.6329, 0.6329, 0.8043, 0.6329, 0.6329, 0.6329, 0.6329, 0.7980, 0.6329, 0.7367, 0.8043
GMM, MSL, True, f1b, 1.0000, 1.0000, 1.0000, 1.0000, 1.0000, 1.0000, 1.0000, 1.0000, 1.0000, 1.0000, 1.0000, 1.0000, 1.0000, 1.0000, 1.0000, 1.0000, 1.0000, 1.0000, 1.0000, 1.0000, 1.0000, 1.0000, 1.0000, 1.0000, 1.0000, 1.0000, 1.0000, 1.0000, 1.0000, 1.0000, 1.0000, 1.0000
IF, MSL, True, fpr, 0.9938, 1.0000, 0.9940, 1.0000, 0.9931, 0.9924, 0.9938, 0.9940, 1.0000, 0.9940, 0.9940, 1.0000, 0.9940, 0.9938, 0.9938, 0.9940, 0.9931, 0.9940, 0.9938, 1.0000, 1.0000, 0.9940, 0.9940, 0.9939, 0.9940, 0.9929, 0.9940, 1.0000, 0.9938, 1.0000, 0.9939, 0.9940
IF, MSL, True, auc, 0.6475, 0.6345, 0.7166, 0.6353, 0.6909, 0.7177, 0.6831, 0.6585, 0.5956, 0.6823, 0.6696, 0.6061, 0.6581, 0.6441, 0.6496, 0.6743, 0.6652, 0.6520, 0.6651, 0.6437, 0.6187, 0.6516, 0.6780, 0.7060, 0.6746, 0.6588, 0.6652, 0.6292, 0.6424, 0.6191, 0.6478, 0.6790
IF, MSL, True, f1b, 1.0000, 0.5882, 1.0000, 0.5882, 0.4545, 1.0000, 1.0000, 0.3448, 0.4545, 1.0000, 1.0000, 1.0000, 1.0000, 0.3448, 1.0000, 1.0000, 0.3448, 1.0000, 0.3448, 1.0000, 0.5882, 1.0000, 1.0000, 1.0000, 1.0000, 0.5882, 0.5882, 0.2941, 1.0000, 0.4545, 1.0000, 1.0000
LSTM, MSL, True, fpr, 0.9936, 0.9937, 0.9937, 0.9938, 0.9935, 0.9932, 0.9935, 0.9939, 0.9934, 0.9939, 0.9939, 0.9940, 0.9940, 0.9941, 0.9939, 0.9937, 0.9941, 0.9934, 0.9940, 0.9934, 0.9942, 0.9936, 0.9938, 0.9941, 0.9936, 0.9932, 0.9936, 0.9934, 0.9940, 0.9934, 0.9937, 0.9939
LSTM, MSL, True, auc, 0.7216, 0.7477, 0.7569, 0.7392, 0.7420, 0.7423, 0.7216, 0.7542, 0.7262, 0.7517, 0.7172, 0.7648, 0.7559, 0.7316, 0.7231, 0.7375, 0.7459, 0.7231, 0.7430, 0.7685, 0.7374, 0.7697, 0.7197, 0.7272, 0.7493, 0.7232, 0.7354, 0.7416, 0.7419, 0.7360, 0.7195, 0.7278
LSTM, MSL, True, f1b, 1.0000, 1.0000, 1.0000, 1.0000, 1.0000, 1.0000, 1.0000, 1.0000, 1.0000, 1.0000, 1.0000, 1.0000, 1.0000, 1.0000, 1.0000, 1.0000, 1.0000, 1.0000, 1.0000, 1.0000, 1.0000, 1.0000, 1.0000, 1.0000, 1.0000, 1.0000, 1.0000, 1.0000, 1.0000, 1.0000, 1.0000, 1.0000
GRU, MSL, True, fpr, 0.9933, 0.9937, 0.9933, 0.9943, 0.9941, 0.9933, 0.9934, 0.9932, 0.9930, 0.9941, 0.9934, 0.9938, 0.9934, 0.9937, 0.9940, 0.9937, 0.9937, 0.9942, 0.9934, 0.9935, 0.9934, 0.9943, 0.9944, 0.9936, 0.9932, 0.9930, 0.9940, 0.9934, 0.9939, 0.9937, 0.9933, 0.9936
GRU, MSL, True, auc, 0.7247, 0.7528, 0.7330, 0.7179, 0.7255, 0.7376, 0.7380, 0.7302, 0.7337, 0.7249, 0.7114, 0.7183, 0.7316, 0.7156, 0.7374, 0.7324, 0.7181, 0.7467, 0.7354, 0.7406, 0.7238, 0.7201, 0.7148, 0.7393, 0.7283, 0.7341, 0.7435, 0.7293, 0.7241, 0.7174, 0.7426, 0.7595
GRU, MSL, True, f1b, 1.0000, 1.0000, 1.0000, 1.0000, 1.0000, 1.0000, 1.0000, 1.0000, 1.0000, 1.0000, 1.0000, 1.0000, 1.0000, 1.0000, 1.0000, 1.0000, 1.0000, 1.0000, 1.0000, 1.0000, 1.0000, 1.0000, 1.0000, 1.0000, 1.0000, 1.0000, 1.0000, 1.0000, 1.0000, 1.0000, 1.0000, 1.0000
AE, MSL, True, fpr, 0.9945, 0.9934, 0.9925, 0.9944, 0.9919, 0.9942, 0.9945, 0.9945, 0.9943, 0.9945, 0.9938, 0.9942, 0.9925, 0.9944, 0.9943, 0.9914, 0.9941, 0.9935, 0.9937, 0.9928, 0.9917, 0.9940, 0.9940, 0.9931, 0.9940, 0.9937, 0.9909, 0.9945, 0.9922, 0.9911, 0.9919, 0.9936
AE, MSL, True, auc, 0.5190, 0.6381, 0.6670, 0.5706, 0.6896, 0.6344, 0.5670, 0.4977, 0.5806, 0.6593, 0.6723, 0.5424, 0.6749, 0.6348, 0.5419, 0.6791, 0.6226, 0.6682, 0.5974, 0.6519, 0.7104, 0.5640, 0.4919, 0.5631, 0.5975, 0.6256, 0.7088, 0.5466, 0.7126, 0.6761, 0.6602, 0.6694
AE, MSL, True, f1b, 0.6452, 0.6452, 0.6452, 0.6452, 0.6452, 0.6452, 0.6452, 0.6452, 0.6452, 0.6452, 0.6452, 0.6452, 0.6452, 0.6452, 0.6452, 0.6452, 0.6452, 0.7692, 0.6452, 0.6452, 0.6452, 0.6452, 0.6452, 0.6452, 0.6452, 0.6452, 0.6452, 0.6452, 0.6452, 0.7692, 0.6452, 0.6452
VAE, MSL, True, fpr, 1.0000, 1.0000, 1.0000, 1.0000, 1.0000, 1.0000, 1.0000, 1.0000, 1.0000, 1.0000, 1.0000, 1.0000, 1.0000, 1.0000, 1.0000, 1.0000, 1.0000, 1.0000, 1.0000, 1.0000, 1.0000, 1.0000, 1.0000, 1.0000, 1.0000, 1.0000, 1.0000, 1.0000, 1.0000, 1.0000, 1.0000, 1.0000
VAE, MSL, True, auc, 0.2032, 0.4307, 0.3983, 0.3472, 0.2728, 0.3520, 0.3587, 0.4204, 0.3548, 0.2286, 0.3241, 0.3269, 0.3531, 0.4416, 0.2883, 0.3486, 0.1525, 0.2546, 0.3155, 0.2583, 0.2574, 0.3041, 0.4119, 0.3534, 0.3903, 0.2215, 0.2528, 0.3540, 0.4091, 0.2941, 0.4080, 0.3826
VAE, MSL, True, f1b, 0.0401, 0.0401, 0.0401, 0.0401, 0.0401, 0.0401, 0.0401, 0.0401, 0.0401, 0.0401, 0.0401, 0.0401, 0.0401, 0.0401, 0.0401, 0.0401, 0.0401, 0.0401, 0.0401, 0.0401, 0.0401, 0.0401, 0.0401, 0.0401, 0.0401, 0.0401, 0.0401, 0.0401, 0.0401, 0.0401, 0.0401, 0.0401
OP, MSL, True, fpr, 0.9684, 0.9684, 0.9684, 0.9684, 0.9684, 0.9684, 0.9684, 0.9684, 0.9684, 0.9684, 0.9684, 0.9684, 0.9684, 0.9684, 0.9684, 0.9684, 0.9684, 0.9684, 0.9684, 0.9684, 0.9684, 0.9684, 0.9684, 0.9684, 0.9684, 0.9684, 0.9684, 0.9684, 0.9684, 0.9684, 0.9684, 0.9684
OP, MSL, True, auc, 0.4983, 0.4983, 0.4983, 0.4983, 0.4983, 0.4983, 0.4983, 0.4983, 0.4983, 0.4983, 0.4983, 0.4983, 0.4983, 0.4983, 0.4983, 0.4983, 0.4983, 0.4983, 0.4983, 0.4983, 0.4983, 0.4983, 0.4983, 0.4983, 0.4983, 0.4983, 0.4983, 0.4983, 0.4983, 0.4983, 0.4983, 0.4983
OP, MSL, True, f1b, 0.0109, 0.0109, 0.0109, 0.0109, 0.0109, 0.0109, 0.0109, 0.0109, 0.0109, 0.0109, 0.0109, 0.0109, 0.0109, 0.0109, 0.0109, 0.0109, 0.0109, 0.0109, 0.0109, 0.0109, 0.0109, 0.0109, 0.0109, 0.0109, 0.0109, 0.0109, 0.0109, 0.0109, 0.0109, 0.0109, 0.0109, 0.0109
RAND, MSL, True, fpr, 0.9942, 0.9942, 0.9944, 0.9942, 0.9942, 0.9945, 0.9936, 0.9942, 0.9938, 0.9944, 0.9941, 0.9942, 0.9941, 0.9942, 0.9943, 0.9941, 0.9945, 0.9943, 0.9943, 0.9945, 0.9938, 0.9938, 0.9943, 0.9934, 0.9944, 0.9923, 0.9940, 0.9924, 0.9945, 0.9941, 0.9940, 0.9938
RAND, MSL, True, auc, 0.4791, 0.4874, 0.6223, 0.6479, 0.4982, 0.5305, 0.4783, 0.4106, 0.6004, 0.3538, 0.4814, 0.3604, 0.5188, 0.4827, 0.4462, 0.5039, 0.4819, 0.5745, 0.3361, 0.6439, 0.5530, 0.4312, 0.4039, 0.6537, 0.2454, 0.6899, 0.5780, 0.6473, 0.3380, 0.5604, 0.4735, 0.5181
RAND, MSL, True, f1b, 0.1351, 0.8696, 0.5263, 0.3922, 0.1942, 0.2198, 0.0442, 0.6897, 0.4167, 0.1307, 0.0866, 0.0462, 0.4348, 0.1042, 0.3390, 0.0623, 0.0651, 0.0702, 0.0358, 0.5714, 0.1170, 0.2105, 0.0791, 0.2353, 0.4348, 0.4651, 0.4762, 0.1093, 0.0554, 0.2778, 0.0391, 0.0699
