VAR, MSL, True, fpr, nan, nan, nan, nan, nan, nan, nan, nan, nan, nan, nan, nan, nan, nan, nan, nan, nan, nan, nan, nan, nan, nan, nan, nan, nan, nan, nan, nan, nan, nan, nan, nan
VAR, MSL, True, auc, nan, nan, nan, nan, nan, nan, nan, nan, nan, nan, nan, nan, nan, nan, nan, nan, nan, nan, nan, nan, nan, nan, nan, nan, nan, nan, nan, nan, nan, nan, nan, nan
VAR, MSL, True, f1b, nan, nan, nan, nan, nan, nan, nan, nan, nan, nan, nan, nan, nan, nan, nan, nan, nan, nan, nan, nan, nan, nan, nan, nan, nan, nan, nan, nan, nan, nan, nan, nan
FRO, MSL, True, fpr, 0.7011, 0.7014, 0.7011, 0.7011, 0.6981, 0.7018, 0.7010, 0.7027, 0.7029, 0.7025, 0.7024, 0.7029, 0.7029, 0.7029, 0.7011, 0.7025, 0.7025, 0.7011, 0.7029, 0.6987, 0.7024, 0.7014, 0.6981, 0.7028, 0.7011, 0.7027, 0.7011, 0.7025, 0.7011, 0.7014, 0.7013, 0.7011
FRO, MSL, True, auc, 0.5199, 0.5152, 0.5203, 0.5193, 0.5223, 0.5155, 0.5210, 0.5229, 0.5436, 0.5213, 0.5265, 0.5378, 0.5234, 0.5227, 0.5204, 0.5316, 0.5184, 0.5215, 0.5365, 0.5210, 0.5260, 0.5235, 0.5227, 0.5210, 0.5209, 0.5237, 0.5197, 0.5290, 0.5199, 0.5423, 0.5201, 0.5192
FRO, MSL, True, f1b, 1.0000, 1.0000, 1.0000, 1.0000, 1.0000, 1.0000, 1.0000, 1.0000, 1.0000, 1.0000, 1.0000, 1.0000, 1.0000, 1.0000, 1.0000, 1.0000, 0.8000, 1.0000, 1.0000, 1.0000, 1.0000, 1.0000, 1.0000, 1.0000, 1.0000, 1.0000, 1.0000, 1.0000, 1.0000, 1.0000, 1.0000, 1.0000
FRL, MSL, True, fpr, 0.7028, 0.7018, 0.7027, 0.7022, 0.7027, 0.7022, 0.6994, 0.7027, 0.7029, 0.7017, 0.7029, 0.7028, 0.7025, 0.7028, 0.7016, 0.7029, 0.7029, 0.7018, 0.7017, 0.7028, 0.7027, 0.7016, 0.7025, 0.7022, 0.7028, 0.7016, 0.7017, 0.7022, 0.7017, 0.7022, 0.7024, 0.7029
FRL, MSL, True, auc, 0.4498, 0.4566, 0.4514, 0.4499, 0.4502, 0.4501, 0.4580, 0.4502, 0.4499, 0.4562, 0.4577, 0.4519, 0.4591, 0.4496, 0.4504, 0.4498, 0.4499, 0.4566, 0.4562, 0.4572, 0.4502, 0.4504, 0.4569, 0.4497, 0.4498, 0.4578, 0.4501, 0.4500, 0.4502, 0.4501, 0.4571, 0.4575
FRL, MSL, True, f1b, 0.8000, 0.8000, 0.8000, 0.8000, 0.8000, 0.8000, 0.8000, 0.8000, 0.8000, 0.8000, 0.8000, 0.8000, 0.8000, 0.8000, 0.8000, 0.8000, 0.8000, 0.8000, 0.8000, 0.8000, 0.8000, 0.8000, 0.8000, 0.8000, 0.8000, 0.8000, 0.8000, 0.8000, 0.8000, 0.8000, 0.8000, 0.8000
FRR, MSL, True, fpr, 0.7013, 0.7028, 0.7014, 0.6980, 0.7024, 0.7029, 0.7029, 0.7029, 0.7029, 0.7029, 0.7011, 0.7029, 0.7011, 0.7028, 0.7000, 0.7020, 0.7011, 0.7029, 0.7013, 0.7028, 0.7011, 0.6980, 0.7011, 0.7014, 0.7011, 0.7013, 0.7021, 0.7028, 0.7000, 0.7000, 0.7021, 0.7028
FRR, MSL, True, auc, 0.5203, 0.5257, 0.5239, 0.5234, 0.5158, 0.5206, 0.5237, 0.5217, 0.5212, 0.5206, 0.5200, 0.5211, 0.5201, 0.5239, 0.5208, 0.5214, 0.5195, 0.5210, 0.5196, 0.5209, 0.5211, 0.5238, 0.5203, 0.5238, 0.5210, 0.5203, 0.5175, 0.5210, 0.5218, 0.5224, 0.5206, 0.5222
FRR, MSL, True, f1b, 1.0000, 1.0000, 1.0000, 1.0000, 1.0000, 1.0000, 1.0000, 1.0000, 1.0000, 1.0000, 1.0000, 1.0000, 1.0000, 1.0000, 1.0000, 1.0000, 1.0000, 1.0000, 1.0000, 1.0000, 1.0000, 1.0000, 1.0000, 1.0000, 1.0000, 1.0000, 1.0000, 1.0000, 1.0000, 1.0000, 0.8000, 1.0000
OCSVM, MSL, True, fpr, 0.7029, 0.7029, 0.7029, 0.7029, 0.7029, 0.7029, 0.7029, 0.7029, 0.7029, 0.7029, 0.7029, 0.7029, 0.7029, 0.7029, 0.7029, 0.7029, 0.7029, 0.7029, 0.7029, 0.7029, 0.7029, 0.7029, 0.7029, 0.7029, 0.7029, 0.7029, 0.7029, 0.7029, 0.7029, 0.7029, 0.7029, 0.7029
OCSVM, MSL, True, auc, 0.4062, 0.4062, 0.4062, 0.4062, 0.4062, 0.4062, 0.4062, 0.4062, 0.4062, 0.4062, 0.4062, 0.4062, 0.4062, 0.4062, 0.4062, 0.4062, 0.4062, 0.4062, 0.4062, 0.4062, 0.4062, 0.4062, 0.4062, 0.4062, 0.4062, 0.4062, 0.4062, 0.4062, 0.4062, 0.4062, 0.4062, 0.4062
OCSVM, MSL, True, f1b, 0.9856, 0.9856, 0.9856, 0.9856, 0.9856, 0.9856, 0.9856, 0.9856, 0.9856, 0.9856, 0.9856, 0.9856, 0.9856, 0.9856, 0.9856, 0.9856, 0.9856, 0.9856, 0.9856, 0.9856, 0.9856, 0.9856, 0.9856, 0.9856, 0.9856, 0.9856, 0.9856, 0.9856, 0.9856, 0.9856, 0.9856, 0.9856
DBSCAN, MSL, True, fpr, 0.7024, 0.7024, 0.7024, 0.7024, 0.7024, 0.7024, 0.7024, 0.7024, 0.7024, 0.7024, 0.7024, 0.7024, 0.7024, 0.7024, 0.7024, 0.7024, 0.7024, 0.7024, 0.7024, 0.7024, 0.7024, 0.7024, 0.7024, 0.7024, 0.7024, 0.7024, 0.7024, 0.7024, 0.7024, 0.7024, 0.7024, 0.7024
DBSCAN, MSL, True, auc, 0.4969, 0.4969, 0.4969, 0.4969, 0.4969, 0.4969, 0.4969, 0.4969, 0.4969, 0.4969, 0.4969, 0.4969, 0.4969, 0.4969, 0.4969, 0.4969, 0.4969, 0.4969, 0.4969, 0.4969, 0.4969, 0.4969, 0.4969, 0.4969, 0.4969, 0.4969, 0.4969, 0.4969, 0.4969, 0.4969, 0.4969, 0.4969
DBSCAN, MSL, True, f1b, 0.9878, 0.9878, 0.9878, 0.9878, 0.9878, 0.9878, 0.9878, 0.9878, 0.9878, 0.9878, 0.9878, 0.9878, 0.9878, 0.9878, 0.9878, 0.9878, 0.9878, 0.9878, 0.9878, 0.9878, 0.9878, 0.9878, 0.9878, 0.9878, 0.9878, 0.9878, 0.9878, 0.9878, 0.9878, 0.9878, 0.9878, 0.9878
GMM, MSL, True, fpr, 0.7028, 1.0000, 1.0000, 0.6981, 0.7028, 0.7028, 0.7028, 0.7028, 1.0000, 0.6925, 0.7028, 1.0000, 0.7028, 0.7028, 0.7028, 0.7028, 0.7031, 0.7028, 0.7029, 0.6981, 0.7028, 0.7028, 0.7028, 0.7031, 0.7028, 0.7028, 0.7028, 0.7024, 1.0000, 0.6925, 0.7024, 0.7028
GMM, MSL, True, auc, 0.5074, 0.4207, 0.4018, 0.3965, 0.5074, 0.5074, 0.5074, 0.5074, 0.4207, 0.4206, 0.5074, 0.4109, 0.5074, 0.5074, 0.5074, 0.3957, 0.4103, 0.5074, 0.4277, 0.3965, 0.5074, 0.5074, 0.5074, 0.4103, 0.5074, 0.5074, 0.5074, 0.4119, 0.4018, 0.4206, 0.4119, 0.5074
GMM, MSL, True, f1b, 0.9939, 0.9939, 0.9939, 0.9939, 0.9939, 0.9939, 0.9939, 0.9939, 0.9939, 0.9939, 0.9939, 0.9939, 0.9939, 0.9939, 0.9939, 0.9939, 0.9985, 0.9939, 0.9939, 0.9939, 0.9939, 0.9939, 0.9939, 0.9985, 0.9939, 0.9939, 0.9939, 0.9939, 0.9939, 0.9939, 0.9939, 0.9939
IF, MSL, True, fpr, 1.0000, 1.0000, 1.0000, 1.0000, 1.0000, 1.0000, 1.0000, 1.0000, 1.0000, 1.0000, 1.0000, 1.0000, 1.0000, 1.0000, 1.0000, 1.0000, 1.0000, 1.0000, 1.0000, 1.0000, 1.0000, 1.0000, 1.0000, 1.0000, 1.0000, 1.0000, 1.0000, 1.0000, 1.0000, 1.0000, 1.0000, 1.0000
IF, MSL, True, auc, 0.4184, 0.4185, 0.4209, 0.4270, 0.4188, 0.4260, 0.4262, 0.4320, 0.4336, 0.4254, 0.4259, 0.4192, 0.4235, 0.4239, 0.4219, 0.4276, 0.4191, 0.4300, 0.4252, 0.4250, 0.4295, 0.4218, 0.4217, 0.4259, 0.4313, 0.4242, 0.4302, 0.4208, 0.4263, 0.4116, 0.4282, 0.4242
IF, MSL, True, f1b, 0.9969, 1.0000, 1.0000, 1.0000, 1.0000, 1.0000, 1.0000, 1.0000, 0.9992, 0.9992, 0.9969, 0.9985, 1.0000, 1.0000, 1.0000, 1.0000, 0.9977, 1.0000, 1.0000, 1.0000, 0.9992, 0.9992, 1.0000, 1.0000, 1.0000, 1.0000, 1.0000, 0.9985, 0.9992, 0.9946, 0.9992, 1.0000
LSTM, MSL, True, fpr, 0.7000, 0.7031, 1.0000, 0.7032, 0.7031, 0.7031, 0.7031, 0.7027, 0.6980, 1.0000, 1.0000, 0.7017, 0.7009, 1.0000, 1.0000, 1.0000, 0.7025, 1.0000, 1.0000, 0.7025, 1.0000, 1.0000, 0.7029, 1.0000, 0.7031, 1.0000, 1.0000, 0.7032, 0.7021, 0.7025, 0.7031, 0.7029
LSTM, MSL, True, auc, 0.3545, 0.3419, 0.3643, 0.3670, 0.3557, 0.3403, 0.3607, 0.3623, 0.3643, 0.3619, 0.3441, 0.3537, 0.3623, 0.3614, 0.3548, 0.3592, 0.3651, 0.3566, 0.3784, 0.3569, 0.3592, 0.3695, 0.3447, 0.3545, 0.3467, 0.3534, 0.3642, 0.3519, 0.3505, 0.3695, 0.3440, 0.3383
LSTM, MSL, True, f1b, 1.0000, 1.0000, 0.9992, 1.0000, 1.0000, 0.9992, 1.0000, 0.9992, 0.9992, 0.9992, 1.0000, 0.9992, 1.0000, 0.9992, 1.0000, 1.0000, 1.0000, 1.0000, 0.9992, 0.9992, 0.9992, 0.9992, 0.9992, 0.9992, 1.0000, 1.0000, 1.0000, 1.0000, 1.0000, 1.0000, 1.0000, 0.9992
GRU, MSL, True, fpr, 0.7028, 0.7027, 0.7032, 0.7032, 0.7010, 0.7032, 0.7027, 1.0000, 0.7016, 1.0000, 1.0000, 1.0000, 0.7028, 0.7027, 0.7024, 1.0000, 0.7032, 1.0000, 1.0000, 0.7032, 1.0000, 0.7022, 0.7024, 0.7031, 0.7028, 0.7013, 0.7032, 0.7024, 0.7029, 0.7032, 0.7024, 1.0000
GRU, MSL, True, auc, 0.3721, 0.3867, 0.3938, 0.3900, 0.4051, 0.3830, 0.3911, 0.3902, 0.3922, 0.3911, 0.3752, 0.3889, 0.3851, 0.4009, 0.3849, 0.3958, 0.3876, 0.3872, 0.4043, 0.3941, 0.3876, 0.3854, 0.3911, 0.3751, 0.3980, 0.3948, 0.3934, 0.3916, 0.3997, 0.3898, 0.3860, 0.3858
GRU, MSL, True, f1b, 0.9985, 1.0000, 1.0000, 0.9992, 1.0000, 1.0000, 0.9985, 0.9992, 0.9985, 0.9985, 1.0000, 0.9985, 0.9992, 0.9992, 1.0000, 1.0000, 0.9985, 1.0000, 0.9992, 0.9977, 0.9992, 0.9985, 0.9977, 1.0000, 0.9992, 0.9985, 0.9985, 0.9992, 0.9992, 1.0000, 0.9992, 0.9985
AE, MSL, True, fpr, 0.7024, 1.0000, 1.0000, 1.0000, 0.7021, 0.7028, 0.7027, 0.7017, 0.7014, 1.0000, 1.0000, 0.7032, 0.6938, 0.7027, 0.7028, 1.0000, 0.7017, 1.0000, 0.7006, 0.7018, 0.7029, 0.7032, 0.7014, 1.0000, 0.7009, 0.7029, 0.7031, 0.7031, 0.7029, 0.7025, 1.0000, 0.6953
AE, MSL, True, auc, 0.5528, 0.5320, 0.5313, 0.6227, 0.5410, 0.5270, 0.5389, 0.4981, 0.5363, 0.6071, 0.5360, 0.5332, 0.5267, 0.5361, 0.5430, 0.4611, 0.5486, 0.5505, 0.5470, 0.5314, 0.5191, 0.5433, 0.5285, 0.6004, 0.5862, 0.5523, 0.5432, 0.5322, 0.4952, 0.5260, 0.5223, 0.5327
AE, MSL, True, f1b, 0.9985, 0.9962, 0.9985, 0.9939, 0.9939, 0.9985, 0.9939, 0.9962, 0.9962, 0.9962, 0.9962, 0.9939, 0.9962, 0.9939, 0.9962, 0.9962, 0.9985, 0.9962, 0.9939, 0.9985, 0.9962, 0.9962, 0.9962, 0.9962, 0.9939, 0.9962, 0.9962, 0.9962, 0.9985, 0.9962, 0.9962, 0.9962
VAE, MSL, True, fpr, 1.0000, 1.0000, 1.0000, 1.0000, 1.0000, 1.0000, 1.0000, 1.0000, 1.0000, 1.0000, 1.0000, 1.0000, 1.0000, 1.0000, 1.0000, 1.0000, 1.0000, 1.0000, 1.0000, 1.0000, 1.0000, 1.0000, 1.0000, 1.0000, 1.0000, 0.7022, 1.0000, 1.0000, 1.0000, 0.7006, 1.0000, 1.0000
VAE, MSL, True, auc, 0.6175, 0.6133, 0.6045, 0.6141, 0.6247, 0.6252, 0.6155, 0.6097, 0.6237, 0.6162, 0.6260, 0.6226, 0.6180, 0.6140, 0.6079, 0.6274, 0.6206, 0.6206, 0.6350, 0.6258, 0.6333, 0.6223, 0.6279, 0.6296, 0.6119, 0.6246, 0.6200, 0.6382, 0.6356, 0.6150, 0.6112, 0.6154
VAE, MSL, True, f1b, 0.8371, 0.8371, 0.8371, 0.8371, 0.8371, 0.8371, 0.8371, 0.8371, 0.8371, 0.8371, 0.8371, 0.8371, 0.8371, 0.8371, 0.8371, 0.8371, 0.8371, 0.8371, 0.8371, 0.8371, 0.8371, 0.8371, 0.8371, 0.8371, 0.8371, 0.8371, 0.8371, 0.8371, 0.8371, 0.8371, 0.8371, 0.8371
OP, MSL, True, fpr, 0.6609, 0.6609, 0.6609, 0.6609, 0.6609, 0.6609, 0.6609, 0.6609, 0.6609, 0.6609, 0.6609, 0.6609, 0.6609, 0.6609, 0.6609, 0.6609, 0.6609, 0.6609, 0.6609, 0.6609, 0.6609, 0.6609, 0.6609, 0.6609, 0.6609, 0.6609, 0.6609, 0.6609, 0.6609, 0.6609, 0.6609, 0.6609
OP, MSL, True, auc, 0.4994, 0.4994, 0.4994, 0.4994, 0.4994, 0.4994, 0.4994, 0.4994, 0.4994, 0.4994, 0.4994, 0.4994, 0.4994, 0.4994, 0.4994, 0.4994, 0.4994, 0.4994, 0.4994, 0.4994, 0.4994, 0.4994, 0.4994, 0.4994, 0.4994, 0.4994, 0.4994, 0.4994, 0.4994, 0.4994, 0.4994, 0.4994
OP, MSL, True, f1b, 0.4576, 0.4576, 0.4576, 0.4576, 0.4576, 0.4576, 0.4576, 0.4576, 0.4576, 0.4576, 0.4576, 0.4576, 0.4576, 0.4576, 0.4576, 0.4576, 0.4576, 0.4576, 0.4576, 0.4576, 0.4576, 0.4576, 0.4576, 0.4576, 0.4576, 0.4576, 0.4576, 0.4576, 0.4576, 0.4576, 0.4576, 0.4576
RAND, MSL, True, fpr, 0.7022, 0.7032, 1.0000, 0.7028, 0.7025, 0.7032, 0.7031, 0.7021, 0.7029, 0.7031, 0.7029, 0.7022, 1.0000, 0.7028, 0.7031, 0.7032, 0.7028, 0.7028, 1.0000, 0.7032, 1.0000, 0.7021, 0.7032, 0.7022, 1.0000, 0.7025, 0.7032, 0.7032, 0.7020, 1.0000, 0.7022, 0.7027
RAND, MSL, True, auc, 0.4992, 0.5202, 0.4928, 0.4830, 0.5067, 0.5010, 0.5002, 0.5105, 0.5073, 0.5003, 0.4879, 0.4996, 0.5007, 0.5117, 0.5216, 0.4962, 0.5031, 0.5065, 0.4846, 0.4872, 0.4919, 0.5038, 0.5155, 0.4988, 0.4806, 0.4870, 0.5102, 0.5049, 0.4880, 0.5082, 0.4863, 0.5000
RAND, MSL, True, f1b, 1.0000, 0.9985, 1.0000, 0.9946, 0.9992, 1.0000, 0.9954, 1.0000, 0.9985, 0.9977, 0.9931, 0.9841, 0.9992, 0.9985, 0.9992, 0.9962, 1.0000, 1.0000, 0.9985, 1.0000, 0.9962, 1.0000, 0.9977, 0.9977, 0.9977, 0.9909, 0.9977, 0.9969, 0.9931, 1.0000, 0.9969, 0.9954
