VAR, MSL, True, fpr, nan, nan, nan, nan, nan, nan, nan, nan, nan, nan, nan, nan, nan, nan, nan, nan, nan, nan, nan, nan, nan, nan, nan, nan, nan, nan, nan, nan, nan, nan, nan, nan
VAR, MSL, True, auc, nan, nan, nan, nan, nan, nan, nan, nan, nan, nan, nan, nan, nan, nan, nan, nan, nan, nan, nan, nan, nan, nan, nan, nan, nan, nan, nan, nan, nan, nan, nan, nan
VAR, MSL, True, f1b, nan, nan, nan, nan, nan, nan, nan, nan, nan, nan, nan, nan, nan, nan, nan, nan, nan, nan, nan, nan, nan, nan, nan, nan, nan, nan, nan, nan, nan, nan, nan, nan
FRO, MSL, True, fpr, 0.9860, 0.9860, 0.9859, 0.9860, 0.9913, 0.9915, 0.9859, 0.9860, 0.9859, 0.9859, 0.9859, 0.9859, 0.9861, 0.9860, 0.9859, 0.9859, 0.9861, 0.9913, 0.9859, 0.9859, 0.9860, 0.9860, 0.9914, 0.9859, 0.9859, 0.9859, 0.9860, 0.9860, 0.9914, 0.9859, 0.9859, 0.9859
FRO, MSL, True, auc, 0.4377, 0.4367, 0.4406, 0.4403, 0.4405, 0.4414, 0.4403, 0.4361, 0.4414, 0.4381, 0.4404, 0.4447, 0.4382, 0.4357, 0.4406, 0.4402, 0.4366, 0.5719, 0.4413, 0.4432, 0.4429, 0.4388, 0.4430, 0.4392, 0.4390, 0.4382, 0.4410, 0.4392, 0.4368, 0.4400, 0.4448, 0.4406
FRO, MSL, True, f1b, 0.0285, 0.0280, 0.0282, 0.0289, 0.0283, 0.0292, 0.0282, 0.0283, 0.0284, 0.0281, 0.0282, 0.0289, 0.0295, 0.0283, 0.0282, 0.0282, 0.0292, 0.0274, 0.0284, 0.0288, 0.0292, 0.0285, 0.0292, 0.0282, 0.0281, 0.0281, 0.0289, 0.0288, 0.0287, 0.0282, 0.0289, 0.0282
FRL, MSL, True, fpr, 0.9914, 0.9914, 0.9917, 0.9914, 0.9913, 0.9914, 0.9918, 0.9914, 0.9914, 0.9914, 0.9917, 0.9914, 0.9914, 0.9914, 0.9918, 0.9914, 0.9914, 0.9914, 0.9914, 0.9917, 0.9914, 0.9914, 0.9914, 0.9914, 0.9914, 0.9914, 0.9917, 0.9914, 0.9914, 0.9914, 0.9914, 0.9914
FRL, MSL, True, auc, 0.4332, 0.4366, 0.4554, 0.4332, 0.4531, 0.4332, 0.4472, 0.4332, 0.4332, 0.4332, 0.4524, 0.4332, 0.4332, 0.4332, 0.4460, 0.4366, 0.4332, 0.6013, 0.4332, 0.4554, 0.4364, 0.4449, 0.4332, 0.4332, 0.4332, 0.4332, 0.4543, 0.4332, 0.4332, 0.4332, 0.4451, 0.4417
FRL, MSL, True, f1b, 0.0301, 0.0301, 0.0301, 0.0301, 0.0301, 0.0301, 0.0301, 0.0301, 0.0301, 0.0301, 0.0301, 0.0301, 0.0301, 0.0301, 0.0301, 0.0301, 0.0301, 0.0290, 0.0301, 0.0301, 0.0301, 0.0301, 0.0301, 0.0301, 0.0301, 0.0301, 0.0301, 0.0301, 0.0301, 0.0301, 0.0301, 0.0301
FRR, MSL, True, fpr, 0.9860, 0.9859, 0.9913, 0.9860, 0.9859, 0.9859, 0.9913, 0.9913, 0.9914, 0.9859, 0.9859, 0.9859, 0.9916, 0.9860, 0.9859, 0.9916, 0.9859, 0.9913, 0.9859, 0.9860, 0.9911, 0.9860, 0.9859, 0.9913, 0.9859, 0.9915, 0.9859, 0.9860, 0.9860, 0.9916, 0.9860, 0.9861
FRR, MSL, True, auc, 0.4385, 0.4444, 0.4382, 0.4404, 0.4449, 0.4439, 0.4410, 0.4394, 0.4442, 0.4440, 0.4422, 0.4402, 0.4411, 0.4432, 0.4402, 0.4328, 0.4462, 0.4429, 0.4416, 0.4394, 0.4446, 0.4425, 0.4422, 0.4387, 0.4443, 0.4343, 0.4403, 0.4420, 0.4427, 0.4410, 0.4386, 0.4359
FRR, MSL, True, f1b, 0.0283, 0.0289, 0.0284, 0.0286, 0.0289, 0.0289, 0.0293, 0.0283, 0.0289, 0.0290, 0.0283, 0.0282, 0.0295, 0.0295, 0.0282, 0.0292, 0.0292, 0.0287, 0.0282, 0.0283, 0.0289, 0.0293, 0.0284, 0.0285, 0.0289, 0.0295, 0.0282, 0.0294, 0.0290, 0.0295, 0.0284, 0.0288
OCSVM, MSL, True, fpr, 0.9917, 0.9917, 0.9917, 0.9917, 0.9917, 0.9917, 0.9917, 0.9917, 0.9917, 0.9917, 0.9917, 0.9917, 0.9917, 0.9917, 0.9917, 0.9917, 0.9917, 0.9917, 0.9917, 0.9917, 0.9917, 0.9917, 0.9917, 0.9917, 0.9917, 0.9917, 0.9917, 0.9917, 0.9917, 0.9917, 0.9917, 0.9917
OCSVM, MSL, True, auc, 0.3979, 0.3979, 0.3979, 0.3979, 0.3979, 0.3979, 0.3979, 0.3979, 0.3979, 0.3979, 0.3979, 0.3979, 0.3979, 0.3979, 0.3979, 0.3979, 0.3979, 0.3979, 0.3979, 0.3979, 0.3979, 0.3979, 0.3979, 0.3979, 0.3979, 0.3979, 0.3979, 0.3979, 0.3979, 0.3979, 0.3979, 0.3979
OCSVM, MSL, True, f1b, 0.0139, 0.0139, 0.0139, 0.0139, 0.0139, 0.0139, 0.0139, 0.0139, 0.0139, 0.0139, 0.0139, 0.0139, 0.0139, 0.0139, 0.0139, 0.0139, 0.0139, 0.0139, 0.0139, 0.0139, 0.0139, 0.0139, 0.0139, 0.0139, 0.0139, 0.0139, 0.0139, 0.0139, 0.0139, 0.0139, 0.0139, 0.0139
DBSCAN, MSL, True, fpr, 0.9916, 0.9916, 0.9916, 0.9916, 0.9916, 0.9916, 0.9916, 0.9916, 0.9916, 0.9916, 0.9916, 0.9916, 0.9916, 0.9916, 0.9916, 0.9916, 0.9916, 0.9916, 0.9916, 0.9916, 0.9916, 0.9916, 0.9916, 0.9916, 0.9916, 0.9916, 0.9916, 0.9916, 0.9916, 0.9916, 0.9916, 0.9916
DBSCAN, MSL, True, auc, 0.5559, 0.5559, 0.5559, 0.5559, 0.5559, 0.5559, 0.5559, 0.5559, 0.5559, 0.5559, 0.5559, 0.5559, 0.5559, 0.5559, 0.5559, 0.5559, 0.5559, 0.5559, 0.5559, 0.5559, 0.5559, 0.5559, 0.5559, 0.5559, 0.5559, 0.5559, 0.5559, 0.5559, 0.5559, 0.5559, 0.5559, 0.5559
DBSCAN, MSL, True, f1b, 0.0268, 0.0268, 0.0268, 0.0268, 0.0268, 0.0268, 0.0268, 0.0268, 0.0268, 0.0268, 0.0268, 0.0268, 0.0268, 0.0268, 0.0268, 0.0268, 0.0268, 0.0268, 0.0268, 0.0268, 0.0268, 0.0268, 0.0268, 0.0268, 0.0268, 0.0268, 0.0268, 0.0268, 0.0268, 0.0268, 0.0268, 0.0268
GMM, MSL, True, fpr, 0.9917, 0.9917, 0.9917, 0.9917, 0.9917, 0.9917, 0.9917, 0.9917, 0.9929, 0.9929, 0.9917, 0.9917, 0.9917, 0.9917, 0.9917, 0.9917, 0.9929, 0.9917, 0.9929, 0.9917, 0.9917, 0.9929, 0.9917, 0.9929, 0.9917, 0.9917, 0.9929, 0.9917, 0.9917, 0.9917, 0.9929, 0.9929
GMM, MSL, True, auc, 0.4127, 0.4127, 0.4127, 0.4127, 0.4127, 0.4028, 0.4032, 0.4127, 0.5411, 0.5411, 0.4127, 0.4007, 0.4127, 0.4127, 0.3996, 0.4127, 0.5411, 0.4032, 0.5411, 0.4127, 0.4127, 0.5411, 0.4127, 0.5411, 0.4127, 0.4127, 0.5411, 0.4032, 0.4000, 0.4127, 0.5411, 0.5411
GMM, MSL, True, f1b, 0.0267, 0.0267, 0.0267, 0.0267, 0.0267, 0.0262, 0.0262, 0.0267, 0.0141, 0.0141, 0.0267, 0.0261, 0.0267, 0.0267, 0.0261, 0.0267, 0.0141, 0.0262, 0.0141, 0.0267, 0.0267, 0.0141, 0.0267, 0.0141, 0.0267, 0.0267, 0.0141, 0.0262, 0.0261, 0.0267, 0.0141, 0.0141
IF, MSL, True, fpr, 0.9917, 0.9917, 0.9918, 0.9918, 0.9918, 0.9917, 0.9917, 0.9918, 0.9917, 0.9917, 0.9917, 0.9917, 0.9918, 0.9918, 0.9918, 0.9918, 0.9918, 0.9917, 0.9918, 0.9917, 0.9917, 0.9918, 0.9917, 0.9918, 0.9918, 0.9918, 0.9918, 0.9918, 0.9918, 0.9917, 0.9918, 0.9917
IF, MSL, True, auc, 0.5288, 0.5288, 0.3979, 0.3979, 0.3979, 0.5288, 0.5288, 0.3979, 0.5288, 0.5288, 0.5288, 0.5288, 0.3979, 0.3979, 0.3979, 0.3979, 0.3979, 0.5288, 0.3979, 0.5288, 0.5288, 0.3979, 0.5288, 0.3979, 0.3979, 0.3979, 0.3979, 0.3979, 0.3979, 0.5288, 0.3979, 0.5288
IF, MSL, True, f1b, 0.0139, 0.0252, 0.0139, 0.0260, 0.0260, 0.0252, 0.0252, 0.0260, 0.0252, 0.0252, 0.0252, 0.0252, 0.0260, 0.0260, 0.0139, 0.0139, 0.0260, 0.0252, 0.0260, 0.0252, 0.0252, 0.0260, 0.0252, 0.0260, 0.0260, 0.0260, 0.0260, 0.0260, 0.0260, 0.0252, 0.0260, 0.0252
LSTM, MSL, True, fpr, 0.9925, 0.9925, 0.9921, 0.9930, 0.9915, 0.9890, 0.9926, 0.9918, 0.9894, 0.9898, 0.9915, 0.9892, 0.9918, 0.9891, 0.9918, 0.9866, 0.9925, 0.9930, 0.9914, 0.9897, 0.9919, 0.9897, 0.9915, 0.9900, 0.9900, 1.0000, 0.9916, 0.9885, 0.9930, 1.0000, 0.9915, 0.9930
LSTM, MSL, True, auc, 0.6258, 0.5703, 0.6158, 0.5894, 0.6736, 0.7555, 0.5991, 0.5941, 0.7678, 0.7584, 0.6623, 0.7737, 0.6250, 0.7778, 0.6435, 0.7844, 0.5530, 0.7209, 0.5482, 0.7621, 0.6698, 0.7455, 0.6522, 0.6334, 0.7286, 0.6917, 0.6238, 0.7756, 0.7189, 0.6783, 0.6224, 0.7358
LSTM, MSL, True, f1b, 1.0000, 1.0000, 1.0000, 1.0000, 1.0000, 1.0000, 1.0000, 1.0000, 1.0000, 1.0000, 1.0000, 1.0000, 1.0000, 1.0000, 1.0000, 1.0000, 1.0000, 1.0000, 1.0000, 1.0000, 1.0000, 1.0000, 1.0000, 1.0000, 1.0000, 1.0000, 1.0000, 1.0000, 1.0000, 1.0000, 1.0000, 1.0000
GRU, MSL, True, fpr, 0.9918, 0.9920, 1.0000, 0.9925, 0.9912, 1.0000, 0.9919, 1.0000, 0.9921, 0.9918, 0.9919, 0.9916, 1.0000, 0.9920, 0.9920, 0.9919, 0.9930, 0.9920, 0.9920, 1.0000, 0.9916, 0.9918, 0.9920, 0.9890, 0.9919, 0.9918, 0.9919, 0.9930, 0.9919, 0.9918, 0.9918, 0.9920
GRU, MSL, True, auc, 0.5800, 0.5232, 0.6189, 0.5408, 0.5768, 0.5265, 0.5913, 0.6121, 0.5692, 0.5995, 0.6193, 0.5789, 0.5125, 0.5963, 0.5640, 0.5473, 0.5305, 0.5506, 0.5732, 0.5303, 0.6220, 0.6376, 0.6488, 0.7267, 0.6351, 0.5809, 0.5784, 0.6797, 0.5499, 0.5443, 0.5947, 0.5428
GRU, MSL, True, f1b, 1.0000, 1.0000, 1.0000, 1.0000, 1.0000, 1.0000, 1.0000, 1.0000, 1.0000, 1.0000, 1.0000, 1.0000, 1.0000, 1.0000, 1.0000, 1.0000, 1.0000, 1.0000, 1.0000, 1.0000, 1.0000, 1.0000, 1.0000, 1.0000, 1.0000, 1.0000, 1.0000, 1.0000, 1.0000, 1.0000, 1.0000, 1.0000
AE, MSL, True, fpr, 0.9917, 0.9917, 0.9917, 0.9917, 0.9917, 1.0000, 0.9917, 0.9917, 0.9916, 0.9918, 0.9917, 0.9917, 1.0000, 0.9917, 1.0000, 0.9917, 0.9917, 0.9918, 1.0000, 0.9917, 0.9917, 0.9917, 0.9917, 1.0000, 0.9917, 0.9899, 0.9917, 0.9918, 0.9917, 1.0000, 0.9917, 0.9918
AE, MSL, True, auc, 0.5288, 0.5418, 0.3979, 0.4111, 0.4103, 0.5288, 0.5288, 0.5288, 0.4215, 0.3979, 0.5371, 0.5288, 0.5288, 0.3997, 0.5295, 0.5356, 0.3979, 0.3994, 0.5301, 0.5288, 0.5403, 0.5288, 0.3981, 0.5288, 0.5288, 0.5353, 0.5288, 0.4004, 0.4112, 0.5288, 0.5288, 0.4050
AE, MSL, True, f1b, 0.0139, 0.0139, 0.0139, 0.0139, 0.0139, 0.0139, 0.0139, 0.0139, 0.0139, 0.0260, 0.0139, 0.0139, 0.0139, 0.0139, 0.0139, 0.0139, 0.0139, 0.0139, 0.0139, 0.0139, 0.0139, 0.0139, 0.0139, 0.0139, 0.0139, 0.0139, 0.0139, 0.0139, 0.0271, 0.0252, 0.0139, 0.0139
VAE, MSL, True, fpr, 0.9920, 0.9922, 0.9923, 0.9923, 0.9915, 0.9923, 0.9923, 0.9915, 0.9923, 0.9923, 0.9923, 0.9923, 0.9915, 0.9915, 0.9922, 0.9915, 0.9923, 0.9923, 0.9923, 0.9915, 0.9922, 0.9923, 0.9923, 0.9922, 0.9915, 0.9923, 0.9909, 0.9914, 0.9923, 0.9923, 0.9915, 0.9915
VAE, MSL, True, auc, 0.5887, 0.5887, 0.5887, 0.5887, 0.5880, 0.5887, 0.5887, 0.5887, 0.5887, 0.5887, 0.5887, 0.5887, 0.5885, 0.5887, 0.5887, 0.5879, 0.5887, 0.5887, 0.5887, 0.5887, 0.5887, 0.5887, 0.5887, 0.5887, 0.5884, 0.5887, 0.6020, 0.5887, 0.5885, 0.5887, 0.5884, 0.5887
VAE, MSL, True, f1b, 0.0290, 0.0290, 0.0290, 0.0290, 0.0290, 0.0290, 0.0290, 0.0290, 0.0290, 0.0290, 0.0290, 0.0290, 0.0290, 0.0290, 0.0290, 0.0290, 0.0290, 0.0290, 0.0290, 0.0290, 0.0290, 0.0290, 0.0290, 0.0290, 0.0290, 0.0290, 0.0290, 0.0290, 0.0290, 0.0290, 0.0290, 0.0290
OP, MSL, True, fpr, 0.9594, 0.9594, 0.9594, 0.9594, 0.9594, 0.9594, 0.9594, 0.9594, 0.9594, 0.9594, 0.9594, 0.9594, 0.9594, 0.9594, 0.9594, 0.9594, 0.9594, 0.9594, 0.9594, 0.9594, 0.9594, 0.9594, 0.9594, 0.9594, 0.9594, 0.9594, 0.9594, 0.9594, 0.9594, 0.9594, 0.9594, 0.9594
OP, MSL, True, auc, 0.4989, 0.4989, 0.4989, 0.4989, 0.4989, 0.4989, 0.4989, 0.4989, 0.4989, 0.4989, 0.4989, 0.4989, 0.4989, 0.4989, 0.4989, 0.4989, 0.4989, 0.4989, 0.4989, 0.4989, 0.4989, 0.4989, 0.4989, 0.4989, 0.4989, 0.4989, 0.4989, 0.4989, 0.4989, 0.4989, 0.4989, 0.4989
OP, MSL, True, f1b, 0.0139, 0.0139, 0.0139, 0.0139, 0.0139, 0.0139, 0.0139, 0.0139, 0.0139, 0.0139, 0.0139, 0.0139, 0.0139, 0.0139, 0.0139, 0.0139, 0.0139, 0.0139, 0.0139, 0.0139, 0.0139, 0.0139, 0.0139, 0.0139, 0.0139, 0.0139, 0.0139, 0.0139, 0.0139, 0.0139, 0.0139, 0.0139
RAND, MSL, True, fpr, 0.9928, 0.9926, 0.9927, 0.9930, 0.9929, 0.9925, 0.9920, 0.9929, 0.9930, 0.9915, 0.9926, 0.9927, 0.9929, 0.9927, 0.9925, 0.9929, 0.9917, 0.9927, 0.9929, 0.9927, 0.9928, 0.9928, 0.9925, 0.9927, 0.9927, 0.9922, 0.9923, 0.9925, 0.9927, 0.9923, 0.9928, 0.9929
RAND, MSL, True, auc, 0.5584, 0.5735, 0.4478, 0.4984, 0.4309, 0.6520, 0.5147, 0.5050, 0.5519, 0.6209, 0.5190, 0.5751, 0.3831, 0.4197, 0.4652, 0.5164, 0.5428, 0.4564, 0.5597, 0.5502, 0.5156, 0.4959, 0.5061, 0.4910, 0.4672, 0.4836, 0.3949, 0.5922, 0.4761, 0.4626, 0.4697, 0.3480
RAND, MSL, True, f1b, 0.2469, 0.6154, 0.1674, 0.2041, 0.4348, 0.1970, 0.2484, 0.5263, 0.2062, 0.1010, 0.5195, 0.3509, 0.0766, 0.1754, 0.3960, 0.3636, 0.5634, 0.2985, 0.2685, 0.4348, 0.1242, 0.0709, 0.1747, 0.5195, 0.8889, 0.6897, 0.0800, 0.6061, 0.1990, 0.3509, 0.7273, 0.2778
