VAR, MSL, True, fpr, nan, nan, nan, nan, nan, nan, nan, nan, nan, nan, nan, nan, nan, nan, nan, nan, nan, nan, nan, nan, nan, nan, nan, nan, nan, nan, nan, nan, nan, nan, nan, nan
VAR, MSL, True, auc, nan, nan, nan, nan, nan, nan, nan, nan, nan, nan, nan, nan, nan, nan, nan, nan, nan, nan, nan, nan, nan, nan, nan, nan, nan, nan, nan, nan, nan, nan, nan, nan
VAR, MSL, True, f1b, nan, nan, nan, nan, nan, nan, nan, nan, nan, nan, nan, nan, nan, nan, nan, nan, nan, nan, nan, nan, nan, nan, nan, nan, nan, nan, nan, nan, nan, nan, nan, nan
FRO, MSL, True, fpr, 0.9234, 0.9234, 0.9233, 0.9234, 0.9234, 0.9506, 0.9505, 0.9234, 0.9234, 0.9234, 0.9234, 0.9234, 0.9234, 0.9234, 0.9233, 0.9234, 0.9234, 0.9234, 0.9506, 0.9506, 0.9234, 0.9234, 0.9234, 0.9234, 0.9234, 0.9234, 0.9234, 0.9234, 0.9234, 0.9234, 0.9234, 0.9234
FRO, MSL, True, auc, 0.3623, 0.3635, 0.3682, 0.3626, 0.3628, 0.3716, 0.3575, 0.3630, 0.3626, 0.3632, 0.3627, 0.3621, 0.3633, 0.3633, 0.3645, 0.3632, 0.3625, 0.3626, 0.3629, 0.3663, 0.3641, 0.3627, 0.3638, 0.3626, 0.3626, 0.3632, 0.3627, 0.3635, 0.3624, 0.3636, 0.3625, 0.3636
FRO, MSL, True, f1b, 0.1974, 0.1970, 0.9877, 0.1972, 0.1972, 0.9917, 0.9836, 0.1970, 0.1969, 0.1972, 0.1972, 0.1972, 0.1970, 0.1972, 0.1974, 0.1974, 0.1974, 0.1972, 1.0000, 0.9917, 0.1972, 0.1972, 0.1972, 0.1974, 0.1969, 0.1974, 0.1970, 0.1972, 0.1974, 0.1972, 0.1974, 0.1972
FRL, MSL, True, fpr, 0.9234, 0.9234, 0.9234, 0.9234, 0.9234, 0.9234, 0.9234, 0.9234, 0.9234, 0.9234, 0.9234, 0.9234, 0.9234, 0.9234, 0.9234, 0.9234, 0.9234, 0.9234, 0.9234, 0.9234, 0.9234, 0.9234, 0.9234, 0.9234, 0.9234, 0.9234, 0.9234, 0.9234, 0.9234, 0.9234, 0.9234, 0.9234
FRL, MSL, True, auc, 0.3624, 0.3625, 0.3626, 0.3626, 0.3625, 0.3625, 0.3626, 0.3626, 0.3625, 0.3625, 0.3625, 0.3625, 0.3625, 0.3626, 0.3625, 0.3625, 0.3625, 0.3626, 0.3626, 0.3625, 0.3625, 0.3626, 0.3625, 0.3626, 0.3626, 0.3625, 0.3626, 0.3625, 0.3626, 0.3626, 0.3625, 0.3625
FRL, MSL, True, f1b, 0.1974, 0.1974, 0.1974, 0.1974, 0.1974, 0.1974, 0.1974, 0.1974, 0.1974, 0.1974, 0.1974, 0.1974, 0.1974, 0.1974, 0.1974, 0.1974, 0.1974, 0.1974, 0.1974, 0.1974, 0.1974, 0.1974, 0.1974, 0.1974, 0.1974, 0.1974, 0.1974, 0.1974, 0.1974, 0.1974, 0.1974, 0.1974
FRR, MSL, True, fpr, 0.9234, 0.9234, 0.9234, 0.9234, 0.9234, 0.9234, 0.9234, 0.9234, 0.9234, 0.9234, 0.9234, 0.9234, 0.9234, 0.9234, 0.9234, 0.9234, 0.9234, 0.9506, 0.9234, 0.9234, 0.9234, 0.9506, 0.9234, 0.9234, 0.9234, 0.9234, 0.9234, 0.9234, 0.9234, 0.9234, 0.9234, 0.9234
FRR, MSL, True, auc, 0.3633, 0.3638, 0.3634, 0.3633, 0.3633, 0.3625, 0.3629, 0.3631, 0.3624, 0.3628, 0.3626, 0.3629, 0.3637, 0.3624, 0.3630, 0.3629, 0.3631, 0.3633, 0.3629, 0.3633, 0.3627, 0.3598, 0.3635, 0.3630, 0.3638, 0.3629, 0.3634, 0.3634, 0.3633, 0.3629, 0.3630, 0.3626
FRR, MSL, True, f1b, 0.1974, 0.1969, 0.1974, 0.1972, 0.1972, 0.1974, 0.1974, 0.1974, 0.1974, 0.1974, 0.1974, 0.1974, 0.1972, 0.1974, 0.1969, 0.1970, 0.1974, 1.0000, 0.1974, 0.1974, 0.1974, 0.1974, 0.1974, 0.1974, 0.1970, 0.1974, 0.1974, 0.1974, 0.1974, 0.1974, 0.1974, 0.1974
OCSVM, MSL, True, fpr, 0.9506, 0.9506, 0.9506, 0.9506, 0.9506, 0.9506, 0.9506, 0.9506, 0.9506, 0.9506, 0.9506, 0.9506, 0.9506, 0.9506, 0.9506, 0.9506, 0.9506, 0.9506, 0.9506, 0.9506, 0.9506, 0.9506, 0.9506, 0.9506, 0.9506, 0.9506, 0.9506, 0.9506, 0.9506, 0.9506, 0.9506, 0.9506
OCSVM, MSL, True, auc, 0.6440, 0.6440, 0.6440, 0.6440, 0.6440, 0.6440, 0.6440, 0.6440, 0.6440, 0.6440, 0.6440, 0.6440, 0.6440, 0.6440, 0.6440, 0.6440, 0.6440, 0.6440, 0.6440, 0.6440, 0.6440, 0.6440, 0.6440, 0.6440, 0.6440, 0.6440, 0.6440, 0.6440, 0.6440, 0.6440, 0.6440, 0.6440
OCSVM, MSL, True, f1b, 0.9562, 0.9562, 0.9562, 0.9562, 0.9562, 0.9562, 0.9562, 0.9562, 0.9562, 0.9562, 0.9562, 0.9562, 0.9562, 0.9562, 0.9562, 0.9562, 0.9562, 0.9562, 0.9562, 0.9562, 0.9562, 0.9562, 0.9562, 0.9562, 0.9562, 0.9562, 0.9562, 0.9562, 0.9562, 0.9562, 0.9562, 0.9562
DBSCAN, MSL, True, fpr, 0.9234, 0.9234, 0.9234, 0.9234, 0.9234, 0.9234, 0.9234, 0.9234, 0.9234, 0.9234, 0.9234, 0.9234, 0.9234, 0.9234, 0.9234, 0.9234, 0.9234, 0.9234, 0.9234, 0.9234, 0.9234, 0.9234, 0.9234, 0.9234, 0.9234, 0.9234, 0.9234, 0.9234, 0.9234, 0.9234, 0.9234, 0.9234
DBSCAN, MSL, True, auc, 0.3971, 0.3971, 0.3971, 0.3971, 0.3971, 0.3971, 0.3971, 0.3971, 0.3971, 0.3971, 0.3971, 0.3971, 0.3971, 0.3971, 0.3971, 0.3971, 0.3971, 0.3971, 0.3971, 0.3971, 0.3971, 0.3971, 0.3971, 0.3971, 0.3971, 0.3971, 0.3971, 0.3971, 0.3971, 0.3971, 0.3971, 0.3971
DBSCAN, MSL, True, f1b, 0.9486, 0.9486, 0.9486, 0.9486, 0.9486, 0.9486, 0.9486, 0.9486, 0.9486, 0.9486, 0.9486, 0.9486, 0.9486, 0.9486, 0.9486, 0.9486, 0.9486, 0.9486, 0.9486, 0.9486, 0.9486, 0.9486, 0.9486, 0.9486, 0.9486, 0.9486, 0.9486, 0.9486, 0.9486, 0.9486, 0.9486, 0.9486
GMM, MSL, True, fpr, 0.9196, 0.9196, 0.9196, 0.9196, 0.9505, 0.9196, 0.9196, 0.9196, 0.9196, 0.9196, 0.9196, 0.9196, 0.9196, 0.9196, 0.9196, 0.9196, 0.9196, 0.9196, 0.9196, 0.9196, 0.9196, 0.9196, 0.9196, 0.9196, 0.9196, 0.9196, 0.9195, 0.9196, 0.9196, 0.9196, 0.9196, 0.9196
GMM, MSL, True, auc, 0.3957, 0.3957, 0.3957, 0.3957, 0.3834, 0.3957, 0.3957, 0.3957, 0.3957, 0.3957, 0.3957, 0.3957, 0.3957, 0.3957, 0.3957, 0.3957, 0.3957, 0.3957, 0.3957, 0.3957, 0.3957, 0.3957, 0.3957, 0.3957, 0.3957, 0.3957, 0.3983, 0.3957, 0.3957, 0.3957, 0.3957, 0.3957
GMM, MSL, True, f1b, 0.9836, 0.9836, 0.9836, 0.9836, 0.9796, 0.9836, 0.9836, 0.9836, 0.9836, 0.9836, 0.9836, 0.9836, 0.9836, 0.9836, 0.9836, 0.9836, 0.9836, 0.9836, 0.9836, 0.9836, 0.9836, 0.9836, 0.9836, 0.9836, 0.9836, 0.9836, 0.9796, 0.9836, 0.9836, 0.9836, 0.9836, 0.9836
IF, MSL, True, fpr, 0.9196, 0.9506, 0.9196, 0.9196, 0.9196, 0.9196, 0.9196, 0.9196, 0.9196, 0.9196, 0.9196, 0.9196, 0.9196, 0.9196, 0.9196, 0.9196, 0.9196, 0.9196, 0.9196, 0.9196, 0.9196, 0.9196, 0.9196, 0.9196, 0.9196, 0.9196, 0.9196, 0.9196, 0.9196, 0.9196, 0.9196, 0.9196
IF, MSL, True, auc, 0.3927, 0.6432, 0.3926, 0.3935, 0.3924, 0.3935, 0.3925, 0.3927, 0.3927, 0.3929, 0.3926, 0.3926, 0.3932, 0.3934, 0.3930, 0.3927, 0.3929, 0.3928, 0.3930, 0.3928, 0.3928, 0.3928, 0.3928, 0.3926, 0.3931, 0.3928, 0.3931, 0.3927, 0.3927, 0.3926, 0.3926, 0.3928
IF, MSL, True, f1b, 0.9639, 0.9231, 0.7643, 0.9412, 0.7524, 0.9023, 0.8511, 0.8163, 0.8027, 0.8333, 0.7692, 0.7692, 0.8304, 0.9023, 0.8955, 0.8955, 0.7921, 0.8304, 0.9057, 0.7818, 0.9125, 0.8727, 0.8333, 0.7500, 0.8602, 0.9057, 0.9091, 0.7524, 0.7477, 0.7717, 0.7453, 0.7843
LSTM, MSL, True, fpr, 0.9500, 0.9487, 1.0000, 0.9503, 0.9498, 0.9497, 0.9505, 0.9501, 0.9490, 0.9492, 0.9502, 0.9502, 0.9500, 0.9498, 0.9495, 0.9313, 0.9503, 0.9504, 0.9499, 1.0000, 0.9505, 1.0000, 0.9506, 0.9498, 0.9504, 0.9505, 0.9496, 0.9503, 0.9493, 1.0000, 0.9502, 0.9501
LSTM, MSL, True, auc, 0.6499, 0.5014, 0.6231, 0.4656, 0.5060, 0.4992, 0.6529, 0.4646, 0.6663, 0.4846, 0.6786, 0.6764, 0.4599, 0.6536, 0.6409, 0.6800, 0.4720, 0.5082, 0.6902, 0.4749, 0.4685, 0.6415, 0.6430, 0.5089, 0.6881, 0.6388, 0.6472, 0.4685, 0.6745, 0.4707, 0.6381, 0.6674
LSTM, MSL, True, f1b, 0.9836, 0.9836, 0.9836, 0.9877, 0.9877, 0.9836, 0.9836, 0.9877, 0.9836, 0.9836, 0.9836, 0.9836, 0.9877, 0.9836, 0.9877, 0.9836, 0.9836, 0.9836, 0.9836, 0.9836, 0.9836, 0.9877, 0.9877, 0.9836, 0.9836, 0.9836, 0.9877, 0.9836, 0.9836, 0.9877, 0.9836, 0.9836
GRU, MSL, True, fpr, 0.9505, 0.9495, 0.9501, 0.9505, 0.9504, 0.9493, 0.9505, 1.0000, 0.9503, 0.9505, 1.0000, 0.9502, 0.9497, 0.9503, 0.9497, 0.9506, 0.9504, 0.9506, 1.0000, 0.9505, 0.9489, 0.9493, 0.9505, 0.9505, 0.9503, 0.9505, 1.0000, 0.9502, 0.9505, 0.9318, 0.9505, 0.9505
GRU, MSL, True, auc, 0.6457, 0.6692, 0.6333, 0.6296, 0.4672, 0.6714, 0.6147, 0.6344, 0.6483, 0.6423, 0.6516, 0.6243, 0.6274, 0.4479, 0.6610, 0.6436, 0.6036, 0.6141, 0.6565, 0.4536, 0.6536, 0.6409, 0.6233, 0.6413, 0.6187, 0.6160, 0.5367, 0.6573, 0.4405, 0.6696, 0.6215, 0.4626
GRU, MSL, True, f1b, 0.9836, 0.9836, 0.9836, 0.9836, 0.9877, 0.9877, 0.9836, 0.9836, 0.9877, 0.9877, 0.9836, 0.9877, 0.9877, 0.9877, 0.9877, 0.9877, 0.9877, 0.9836, 0.9836, 0.9836, 0.9877, 0.9836, 0.9877, 0.9836, 0.9877, 0.9877, 0.9877, 0.9836, 0.9877, 0.9877, 0.9877, 0.9877
AE, MSL, True, fpr, 0.9506, 0.9506, 0.9506, 0.9196, 0.9196, 0.9196, 0.9196, 0.9506, 0.9196, 0.9196, 0.9506, 0.9196, 0.9506, 0.9196, 0.9196, 0.9196, 0.9196, 0.9196, 0.9196, 0.9506, 0.9196, 0.9506, 0.9196, 0.9506, 0.9506, 0.9196, 0.9196, 0.9196, 0.9506, 0.9196, 0.9196, 0.9196
AE, MSL, True, auc, 0.6454, 0.6454, 0.6453, 0.3957, 0.3958, 0.3955, 0.3956, 0.6451, 0.3959, 0.3955, 0.6454, 0.3954, 0.6452, 0.3953, 0.3956, 0.3953, 0.3956, 0.3950, 0.3952, 0.6446, 0.3955, 0.6451, 0.3957, 0.6448, 0.6451, 0.3951, 0.3957, 0.3956, 0.6454, 0.3957, 0.3958, 0.3955
AE, MSL, True, f1b, 1.0000, 1.0000, 1.0000, 1.0000, 1.0000, 1.0000, 1.0000, 1.0000, 1.0000, 1.0000, 1.0000, 1.0000, 1.0000, 1.0000, 1.0000, 1.0000, 1.0000, 1.0000, 1.0000, 1.0000, 1.0000, 1.0000, 1.0000, 1.0000, 1.0000, 1.0000, 1.0000, 1.0000, 1.0000, 1.0000, 1.0000, 1.0000
VAE, MSL, True, fpr, 0.9498, 1.0000, 0.9501, 0.9498, 0.9499, 0.9503, 0.9485, 0.9499, 0.9504, 0.9501, 1.0000, 0.9505, 0.9505, 0.9503, 0.9505, 0.9502, 0.9497, 0.9505, 0.9504, 1.0000, 1.0000, 0.9497, 0.9504, 0.9504, 0.9504, 1.0000, 0.9467, 0.9504, 0.9505, 0.9500, 0.9504, 0.9505
VAE, MSL, True, auc, 0.6307, 0.6196, 0.6318, 0.6318, 0.6324, 0.6298, 0.6380, 0.6290, 0.6314, 0.6312, 0.6304, 0.6364, 0.6291, 0.6326, 0.6334, 0.6323, 0.6392, 0.6301, 0.6281, 0.6298, 0.6263, 0.6322, 0.6297, 0.6302, 0.6328, 0.6155, 0.6401, 0.6296, 0.6334, 0.6334, 0.6305, 0.6272
VAE, MSL, True, f1b, 0.1655, 0.1655, 0.1655, 0.1655, 0.1655, 0.1655, 0.1655, 0.1655, 0.1655, 0.1655, 0.1655, 0.1655, 0.1655, 0.1655, 0.1655, 0.1655, 0.1655, 0.1655, 0.1655, 0.1655, 0.1655, 0.1655, 0.1655, 0.1655, 0.1655, 0.1655, 0.1655, 0.1655, 0.1655, 0.1655, 0.1655, 0.1655
OP, MSL, True, fpr, 0.6066, 0.6066, 0.6066, 0.6066, 0.6066, 0.6066, 0.6066, 0.6066, 0.6066, 0.6066, 0.6066, 0.6066, 0.6066, 0.6066, 0.6066, 0.6066, 0.6066, 0.6066, 0.6066, 0.6066, 0.6066, 0.6066, 0.6066, 0.6066, 0.6066, 0.6066, 0.6066, 0.6066, 0.6066, 0.6066, 0.6066, 0.6066
OP, MSL, True, auc, 0.5110, 0.5110, 0.5110, 0.5110, 0.5110, 0.5110, 0.5110, 0.5110, 0.5110, 0.5110, 0.5110, 0.5110, 0.5110, 0.5110, 0.5110, 0.5110, 0.5110, 0.5110, 0.5110, 0.5110, 0.5110, 0.5110, 0.5110, 0.5110, 0.5110, 0.5110, 0.5110, 0.5110, 0.5110, 0.5110, 0.5110, 0.5110
OP, MSL, True, f1b, 0.9959, 0.9959, 0.9959, 0.9959, 0.9959, 0.9959, 0.9959, 0.9959, 0.9959, 0.9959, 0.9959, 0.9959, 0.9959, 0.9959, 0.9959, 0.9959, 0.9959, 0.9959, 0.9959, 0.9959, 0.9959, 0.9959, 0.9959, 0.9959, 0.9959, 0.9959, 0.9959, 0.9959, 0.9959, 0.9959, 0.9959, 0.9959
RAND, MSL, True, fpr, 0.9501, 0.9503, 0.9504, 0.9502, 0.9495, 0.9503, 0.9500, 0.9505, 0.9505, 0.9505, 0.9505, 0.9503, 0.9503, 0.9505, 0.9505, 0.9489, 0.9488, 0.9505, 0.9502, 0.9506, 0.9505, 0.9503, 0.9501, 0.9505, 0.9505, 0.9504, 0.9506, 0.9505, 0.9505, 0.9506, 0.9504, 0.9506
RAND, MSL, True, auc, 0.5421, 0.4821, 0.4662, 0.4941, 0.5073, 0.5580, 0.4444, 0.5362, 0.4937, 0.4965, 0.5023, 0.5093, 0.4832, 0.4806, 0.4855, 0.5711, 0.5212, 0.5042, 0.4927, 0.5099, 0.4780, 0.4445, 0.5241, 0.4944, 0.5105, 0.4668, 0.5097, 0.4870, 0.5015, 0.4758, 0.5038, 0.5266
RAND, MSL, True, f1b, 0.9562, 0.8304, 0.9091, 1.0000, 0.9195, 0.9717, 0.7742, 0.9796, 0.9959, 0.9836, 0.9796, 0.8791, 0.7595, 0.8304, 0.9639, 1.0000, 0.9639, 0.8362, 1.0000, 1.0000, 0.9877, 0.9717, 0.9486, 1.0000, 0.9836, 0.9639, 0.8727, 0.9796, 0.8922, 0.8392, 0.8276, 0.9231
