VAR, SMAP, True, fpr, nan, nan, nan, nan, nan, nan, nan, nan, nan, nan, nan, nan, nan, nan, nan, nan, nan, nan, nan, nan, nan, nan, nan, nan, nan, nan, nan, nan, nan, nan, nan, nan
VAR, SMAP, True, auc, nan, nan, nan, nan, nan, nan, nan, nan, nan, nan, nan, nan, nan, nan, nan, nan, nan, nan, nan, nan, nan, nan, nan, nan, nan, nan, nan, nan, nan, nan, nan, nan
VAR, SMAP, True, f1b, nan, nan, nan, nan, nan, nan, nan, nan, nan, nan, nan, nan, nan, nan, nan, nan, nan, nan, nan, nan, nan, nan, nan, nan, nan, nan, nan, nan, nan, nan, nan, nan
FRO, SMAP, True, fpr, 0.5087, 1.0000, 1.0000, 1.0000, 0.5088, 0.5088, 0.5093, 0.5083, 0.5089, 0.5087, 0.5092, 0.5079, 0.5093, 0.5082, 0.5087, 0.5085, 1.0000, 1.0000, 1.0000, 1.0000, 0.5087, 0.5091, 1.0000, 0.5080, 0.5089, 0.5087, 0.5090, 0.5090, 0.5082, 0.5090, 0.5089, 0.5085
FRO, SMAP, True, auc, 0.8212, 0.8219, 0.8223, 0.8210, 0.8224, 0.8214, 0.8224, 0.8227, 0.8214, 0.8217, 0.8215, 0.8212, 0.8214, 0.8221, 0.8221, 0.8214, 0.8212, 0.8231, 0.8227, 0.8228, 0.8217, 0.8225, 0.8219, 0.8232, 0.8218, 0.8218, 0.8220, 0.8208, 0.8219, 0.8210, 0.8217, 0.8213
FRO, SMAP, True, f1b, 1.0000, 1.0000, 0.6583, 0.6583, 1.0000, 1.0000, 1.0000, 0.6583, 1.0000, 1.0000, 1.0000, 1.0000, 1.0000, 1.0000, 1.0000, 1.0000, 1.0000, 1.0000, 1.0000, 0.6583, 1.0000, 1.0000, 0.6583, 1.0000, 1.0000, 1.0000, 1.0000, 0.6583, 1.0000, 1.0000, 1.0000, 1.0000
FRL, SMAP, True, fpr, 0.5059, 0.5091, 0.5059, 0.5093, 0.5091, 0.5091, 0.5032, 0.5032, 0.5059, 0.5059, 0.5032, 0.5091, 0.5091, 0.5091, 0.5032, 0.5091, 0.5059, 0.5059, 0.5059, 0.5091, 0.5059, 0.5091, 0.5091, 0.5059, 0.5091, 0.5059, 0.5032, 0.5059, 0.5091, 0.5091, 0.5059, 0.5059
FRL, SMAP, True, auc, 0.9516, 0.9520, 0.9517, 0.9516, 0.9520, 0.9520, 0.9518, 0.9518, 0.9517, 0.9517, 0.9518, 0.9520, 0.9520, 0.9521, 0.9518, 0.9521, 0.9517, 0.9517, 0.9517, 0.9520, 0.9517, 0.9521, 0.9520, 0.9517, 0.9521, 0.9517, 0.9518, 0.9518, 0.9521, 0.9520, 0.9517, 0.9517
FRL, SMAP, True, f1b, 1.0000, 1.0000, 1.0000, 1.0000, 1.0000, 1.0000, 1.0000, 1.0000, 1.0000, 1.0000, 1.0000, 1.0000, 1.0000, 1.0000, 1.0000, 1.0000, 1.0000, 1.0000, 1.0000, 1.0000, 1.0000, 1.0000, 1.0000, 1.0000, 1.0000, 1.0000, 1.0000, 1.0000, 1.0000, 1.0000, 1.0000, 1.0000
FRR, SMAP, True, fpr, 0.5093, 0.5093, 0.5092, 0.5089, 0.5085, 0.5091, 0.5090, 0.5092, 0.5090, 0.5093, 0.5091, 0.5083, 0.5092, 0.5083, 0.5091, 0.5089, 0.5091, 0.5091, 0.5085, 0.5089, 0.5087, 0.5091, 0.5085, 0.5089, 0.5085, 0.5085, 0.5086, 1.0000, 0.5088, 0.5089, 0.5085, 0.5082
FRR, SMAP, True, auc, 0.8225, 0.8225, 0.8236, 0.8231, 0.8232, 0.8242, 0.8228, 0.8234, 0.8233, 0.8238, 0.8216, 0.8228, 0.8229, 0.8225, 0.8222, 0.8232, 0.8214, 0.8235, 0.8233, 0.8234, 0.8225, 0.8226, 0.8242, 0.8228, 0.8221, 0.8224, 0.8240, 0.8223, 0.8216, 0.8225, 0.8234, 0.8221
FRR, SMAP, True, f1b, 1.0000, 1.0000, 1.0000, 1.0000, 1.0000, 1.0000, 1.0000, 1.0000, 1.0000, 1.0000, 1.0000, 1.0000, 1.0000, 1.0000, 1.0000, 1.0000, 1.0000, 1.0000, 1.0000, 1.0000, 1.0000, 1.0000, 1.0000, 1.0000, 1.0000, 1.0000, 1.0000, 1.0000, 1.0000, 1.0000, 1.0000, 1.0000
OCSVM, SMAP, True, fpr, 1.0000, 1.0000, 1.0000, 1.0000, 1.0000, 1.0000, 1.0000, 1.0000, 1.0000, 1.0000, 1.0000, 1.0000, 1.0000, 1.0000, 1.0000, 1.0000, 1.0000, 1.0000, 1.0000, 1.0000, 1.0000, 1.0000, 1.0000, 1.0000, 1.0000, 1.0000, 1.0000, 1.0000, 1.0000, 1.0000, 1.0000, 1.0000
OCSVM, SMAP, True, auc, 0.1980, 0.1980, 0.1980, 0.1980, 0.1980, 0.1980, 0.1980, 0.1980, 0.1980, 0.1980, 0.1980, 0.1980, 0.1980, 0.1980, 0.1980, 0.1980, 0.1980, 0.1980, 0.1980, 0.1980, 0.1980, 0.1980, 0.1980, 0.1980, 0.1980, 0.1980, 0.1980, 0.1980, 0.1980, 0.1980, 0.1980, 0.1980
OCSVM, SMAP, True, f1b, 0.9998, 0.9998, 0.9998, 0.9998, 0.9998, 0.9998, 0.9998, 0.9998, 0.9998, 0.9998, 0.9998, 0.9998, 0.9998, 0.9998, 0.9998, 0.9998, 0.9998, 0.9998, 0.9998, 0.9998, 0.9998, 0.9998, 0.9998, 0.9998, 0.9998, 0.9998, 0.9998, 0.9998, 0.9998, 0.9998, 0.9998, 0.9998
DBSCAN, SMAP, True, fpr, 0.4383, 0.4383, 0.4383, 0.4383, 0.4383, 0.4383, 0.4383, 0.4383, 0.4383, 0.4383, 0.4383, 0.4383, 0.4383, 0.4383, 0.4383, 0.4383, 0.4383, 0.4383, 0.4383, 0.4383, 0.4383, 0.4383, 0.4383, 0.4383, 0.4383, 0.4383, 0.4383, 0.4383, 0.4383, 0.4383, 0.4383, 0.4383
DBSCAN, SMAP, True, auc, 0.9462, 0.9462, 0.9462, 0.9462, 0.9462, 0.9462, 0.9462, 0.9462, 0.9462, 0.9462, 0.9462, 0.9462, 0.9462, 0.9462, 0.9462, 0.9462, 0.9462, 0.9462, 0.9462, 0.9462, 0.9462, 0.9462, 0.9462, 0.9462, 0.9462, 0.9462, 0.9462, 0.9462, 0.9462, 0.9462, 0.9462, 0.9462
DBSCAN, SMAP, True, f1b, 0.9976, 0.9976, 0.9976, 0.9976, 0.9976, 0.9976, 0.9976, 0.9976, 0.9976, 0.9976, 0.9976, 0.9976, 0.9976, 0.9976, 0.9976, 0.9976, 0.9976, 0.9976, 0.9976, 0.9976, 0.9976, 0.9976, 0.9976, 0.9976, 0.9976, 0.9976, 0.9976, 0.9976, 0.9976, 0.9976, 0.9976, 0.9976
GMM, SMAP, True, fpr, 1.0000, 1.0000, 0.4383, 1.0000, 0.4383, 0.4383, 0.4383, 0.4383, 1.0000, 0.4383, 1.0000, 0.4383, 0.4383, 0.4383, 0.4383, 0.4383, 0.4383, 1.0000, 0.4383, 1.0000, 1.0000, 0.4383, 0.4383, 0.4383, 0.4383, 0.4383, 0.4383, 0.4383, 1.0000, 0.4383, 0.4383, 0.4383
GMM, SMAP, True, auc, 0.1858, 0.1858, 0.8005, 0.1858, 0.8005, 0.8005, 0.8005, 0.8005, 0.1858, 0.8005, 0.1858, 0.7953, 0.8005, 0.8005, 0.8005, 0.8005, 0.8005, 0.1858, 0.8005, 0.1858, 0.1858, 0.8005, 0.8005, 0.8005, 0.7953, 0.8005, 0.8005, 0.8005, 0.1858, 0.8005, 0.8005, 0.8005
GMM, SMAP, True, f1b, 0.9999, 0.9999, 1.0000, 0.9999, 1.0000, 1.0000, 1.0000, 1.0000, 0.9999, 1.0000, 0.9999, 0.9999, 1.0000, 1.0000, 1.0000, 1.0000, 1.0000, 0.9999, 1.0000, 0.9999, 0.9999, 1.0000, 1.0000, 1.0000, 0.9999, 1.0000, 1.0000, 1.0000, 0.9999, 1.0000, 1.0000, 1.0000
IF, SMAP, True, fpr, 0.4383, 0.4383, 0.4383, 0.4383, 0.4383, 0.4383, 0.4383, 0.4383, 0.4383, 0.4383, 0.4383, 0.4383, 0.4383, 0.4383, 0.4383, 0.4383, 0.4383, 0.4383, 0.4383, 0.4383, 0.4383, 0.4383, 0.4383, 0.4383, 0.4383, 0.4383, 0.4383, 0.4383, 0.4383, 0.4383, 0.4383, 0.4383
IF, SMAP, True, auc, 0.8070, 0.8070, 0.8068, 0.8068, 0.8071, 0.8068, 0.8068, 0.8068, 0.8072, 0.8073, 0.8076, 0.8072, 0.8071, 0.8072, 0.8069, 0.8070, 0.8066, 0.8071, 0.8068, 0.8074, 0.8073, 0.8069, 0.8068, 0.8071, 0.8074, 0.8073, 0.8073, 0.8072, 0.8072, 0.8075, 0.8074, 0.8073
IF, SMAP, True, f1b, 1.0000, 1.0000, 1.0000, 1.0000, 1.0000, 0.9963, 0.9972, 1.0000, 1.0000, 1.0000, 1.0000, 1.0000, 1.0000, 1.0000, 1.0000, 1.0000, 1.0000, 1.0000, 1.0000, 1.0000, 1.0000, 1.0000, 1.0000, 1.0000, 1.0000, 1.0000, 1.0000, 1.0000, 1.0000, 1.0000, 1.0000, 1.0000
LSTM, SMAP, True, fpr, 1.0000, 0.5091, 0.5073, 0.5093, 0.5090, 1.0000, 1.0000, 0.5072, 0.5091, 0.5059, 0.5078, 1.0000, 1.0000, 0.5066, 1.0000, 0.5077, 1.0000, 0.5092, 0.5093, 1.0000, 0.5085, 0.5080, 0.5065, 0.5050, 1.0000, 0.5090, 0.5090, 1.0000, 0.5088, 0.5093, 1.0000, 0.5082
LSTM, SMAP, True, auc, 0.3376, 0.6985, 0.3532, 0.7692, 0.7727, 0.2817, 0.6552, 0.3519, 0.7645, 0.3328, 0.7391, 0.6930, 0.3112, 0.7427, 0.3187, 0.3536, 0.3167, 0.6625, 0.7761, 0.3572, 0.7249, 0.3615, 0.7625, 0.3854, 0.2782, 0.7685, 0.7607, 0.7279, 0.4317, 0.7648, 0.2520, 0.7664
LSTM, SMAP, True, f1b, 1.0000, 1.0000, 1.0000, 1.0000, 1.0000, 1.0000, 1.0000, 1.0000, 1.0000, 1.0000, 1.0000, 1.0000, 1.0000, 1.0000, 1.0000, 1.0000, 1.0000, 1.0000, 1.0000, 1.0000, 1.0000, 1.0000, 1.0000, 1.0000, 1.0000, 1.0000, 1.0000, 1.0000, 1.0000, 1.0000, 1.0000, 1.0000
GRU, SMAP, True, fpr, 1.0000, 0.5036, 1.0000, 0.5093, 0.5084, 1.0000, 1.0000, 1.0000, 1.0000, 0.5080, 1.0000, 1.0000, 0.5093, 1.0000, 0.5066, 1.0000, 0.5041, 0.5071, 1.0000, 0.5082, 0.5091, 1.0000, 1.0000, 0.5086, 1.0000, 0.5093, 1.0000, 1.0000, 1.0000, 0.5046, 1.0000, 1.0000
GRU, SMAP, True, auc, 0.4338, 0.3895, 0.2475, 0.6598, 0.7051, 0.3655, 0.2883, 0.3040, 0.2822, 0.6377, 0.3305, 0.2733, 0.7253, 0.2907, 0.4116, 0.2494, 0.3971, 0.6938, 0.3098, 0.7315, 0.3285, 0.6840, 0.2684, 0.3549, 0.3189, 0.3549, 0.6964, 0.2757, 0.6651, 0.6414, 0.3280, 0.6972
GRU, SMAP, True, f1b, 1.0000, 1.0000, 1.0000, 1.0000, 1.0000, 1.0000, 1.0000, 1.0000, 1.0000, 1.0000, 1.0000, 1.0000, 1.0000, 1.0000, 1.0000, 1.0000, 1.0000, 1.0000, 1.0000, 1.0000, 1.0000, 1.0000, 1.0000, 1.0000, 1.0000, 1.0000, 1.0000, 1.0000, 1.0000, 1.0000, 1.0000, 1.0000
AE, SMAP, True, fpr, 0.5089, 1.0000, 1.0000, 0.4383, 0.4383, 0.4383, 0.4888, 0.5093, 0.4894, 1.0000, 0.4383, 0.5089, 0.5093, 0.4383, 1.0000, 0.4383, 0.5089, 0.4383, 0.4383, 1.0000, 0.5093, 1.0000, 0.5089, 1.0000, 0.4912, 0.5084, 0.4383, 0.4383, 0.4383, 1.0000, 1.0000, 0.4383
AE, SMAP, True, auc, 0.8807, 0.1188, 0.7996, 0.8692, 0.8125, 0.7986, 0.1747, 0.8084, 0.1980, 0.1188, 0.8067, 0.8791, 0.8090, 0.7988, 0.1918, 0.8068, 0.8790, 0.7949, 0.8070, 0.1025, 0.8089, 0.2690, 0.8792, 0.2688, 0.1993, 0.8202, 0.8072, 0.7978, 0.8090, 0.8008, 0.1944, 0.8691
AE, SMAP, True, f1b, 1.0000, 1.0000, 1.0000, 1.0000, 1.0000, 1.0000, 1.0000, 1.0000, 1.0000, 1.0000, 1.0000, 1.0000, 1.0000, 1.0000, 1.0000, 1.0000, 1.0000, 1.0000, 1.0000, 1.0000, 1.0000, 1.0000, 1.0000, 1.0000, 1.0000, 1.0000, 1.0000, 1.0000, 1.0000, 1.0000, 1.0000, 1.0000
VAE, SMAP, True, fpr, 1.0000, 1.0000, 1.0000, 1.0000, 1.0000, 1.0000, 1.0000, 1.0000, 1.0000, 1.0000, 1.0000, 1.0000, 1.0000, 1.0000, 1.0000, 1.0000, 1.0000, 1.0000, 1.0000, 1.0000, 1.0000, 1.0000, 1.0000, 1.0000, 1.0000, 1.0000, 1.0000, 1.0000, 1.0000, 1.0000, 1.0000, 1.0000
VAE, SMAP, True, auc, 0.0938, 0.1031, 0.1041, 0.0933, 0.0902, 0.0946, 0.0941, 0.0943, 0.0933, 0.1044, 0.1049, 0.0928, 0.1033, 0.1768, 0.1044, 0.1052, 0.1037, 0.0819, 0.1064, 0.0686, 0.0855, 0.0938, 0.1041, 0.1043, 0.0881, 0.1045, 0.0902, 0.1043, 0.1039, 0.1084, 0.0855, 0.1034
VAE, SMAP, True, f1b, 0.7014, 0.7014, 0.7014, 0.7014, 0.7014, 0.7014, 0.7014, 0.7014, 0.7014, 0.7014, 0.7014, 0.7014, 0.7014, 0.7014, 0.7014, 0.7014, 0.7014, 0.7014, 0.7014, 0.7014, 0.7014, 0.7014, 0.7014, 0.7014, 0.7014, 0.7014, 0.7014, 0.7014, 0.7014, 0.7014, 0.7014, 0.7014
OP, SMAP, True, fpr, 0.5093, 0.5093, 0.5093, 0.5093, 0.5093, 0.5093, 0.5093, 0.5093, 0.5093, 0.5093, 0.5093, 0.5093, 0.5093, 0.5093, 0.5093, 0.5093, 0.5093, 0.5093, 0.5093, 0.5093, 0.5093, 0.5093, 0.5093, 0.5093, 0.5093, 0.5093, 0.5093, 0.5093, 0.5093, 0.5093, 0.5093, 0.5093
OP, SMAP, True, auc, 0.5001, 0.5001, 0.5001, 0.5001, 0.5001, 0.5001, 0.5001, 0.5001, 0.5001, 0.5001, 0.5001, 0.5001, 0.5001, 0.5001, 0.5001, 0.5001, 0.5001, 0.5001, 0.5001, 0.5001, 0.5001, 0.5001, 0.5001, 0.5001, 0.5001, 0.5001, 0.5001, 0.5001, 0.5001, 0.5001, 0.5001, 0.5001
OP, SMAP, True, f1b, 0.9999, 0.9999, 0.9999, 0.9999, 0.9999, 0.9999, 0.9999, 0.9999, 0.9999, 0.9999, 0.9999, 0.9999, 0.9999, 0.9999, 0.9999, 0.9999, 0.9999, 0.9999, 0.9999, 0.9999, 0.9999, 0.9999, 0.9999, 0.9999, 0.9999, 0.9999, 0.9999, 0.9999, 0.9999, 0.9999, 0.9999, 0.9999
RAND, SMAP, True, fpr, 0.5093, 0.5093, 0.5093, 0.5092, 0.5093, 1.0000, 0.5092, 0.5093, 1.0000, 1.0000, 1.0000, 1.0000, 0.5093, 1.0000, 0.5093, 0.5092, 0.5093, 1.0000, 0.5091, 0.5093, 1.0000, 0.5093, 1.0000, 1.0000, 1.0000, 1.0000, 1.0000, 0.5093, 0.5093, 1.0000, 1.0000, 1.0000
RAND, SMAP, True, auc, 0.5023, 0.4999, 0.4975, 0.4950, 0.4928, 0.4992, 0.4852, 0.4998, 0.5026, 0.4983, 0.5097, 0.5035, 0.5072, 0.4946, 0.4946, 0.5029, 0.5072, 0.5001, 0.4926, 0.5010, 0.5050, 0.5062, 0.5049, 0.4961, 0.5116, 0.4974, 0.4901, 0.5077, 0.4919, 0.4982, 0.5090, 0.4954
RAND, SMAP, True, f1b, 1.0000, 0.9994, 1.0000, 0.9996, 1.0000, 0.9995, 0.9995, 0.9991, 1.0000, 1.0000, 1.0000, 0.9992, 1.0000, 0.9992, 1.0000, 0.9989, 0.9991, 0.9994, 1.0000, 0.9995, 1.0000, 0.9988, 0.9989, 0.9991, 1.0000, 1.0000, 0.9989, 0.9991, 0.9988, 0.9992, 1.0000, 1.0000
