VAR, SMAP, True, fpr, nan, nan, nan, nan, nan, nan, nan, nan, nan, nan, nan, nan, nan, nan, nan, nan, nan, nan, nan, nan, nan, nan, nan, nan, nan, nan, nan, nan, nan, nan, nan, nan
VAR, SMAP, True, auc, nan, nan, nan, nan, nan, nan, nan, nan, nan, nan, nan, nan, nan, nan, nan, nan, nan, nan, nan, nan, nan, nan, nan, nan, nan, nan, nan, nan, nan, nan, nan, nan
VAR, SMAP, True, f1b, nan, nan, nan, nan, nan, nan, nan, nan, nan, nan, nan, nan, nan, nan, nan, nan, nan, nan, nan, nan, nan, nan, nan, nan, nan, nan, nan, nan, nan, nan, nan, nan
FRO, SMAP, True, fpr, 0.9383, 0.9383, 0.9383, 0.9384, 0.9382, 0.9383, 0.9384, 0.9383, 0.9383, 0.9383, 0.9383, 0.9383, 0.9383, 0.9382, 0.9383, 0.9383, 0.9382, 0.9382, 0.9384, 0.9383, 0.9383, 0.9383, 0.9383, 0.9382, 0.9383, 0.9383, 0.9381, 0.9383, 0.9383, 0.9386, 0.9383, 0.9383
FRO, SMAP, True, auc, 0.4964, 0.4944, 0.4947, 0.4944, 0.4955, 0.4963, 0.4963, 0.4949, 0.4964, 0.4964, 0.4970, 0.4982, 0.4964, 0.4977, 0.4966, 0.4950, 0.4963, 0.4963, 0.4965, 0.4942, 0.4964, 0.4965, 0.4943, 0.4967, 0.4970, 0.4963, 0.4966, 0.4980, 0.4965, 0.4927, 0.4970, 0.4964
FRO, SMAP, True, f1b, 0.4170, 0.1149, 0.4170, 0.4170, 0.4170, 0.4170, 0.4170, 0.4170, 0.4170, 0.4170, 0.4170, 0.4170, 0.4170, 0.1149, 0.4170, 0.4170, 0.4170, 0.4170, 0.4170, 0.1149, 0.4170, 0.4170, 0.1149, 0.4170, 0.4170, 0.4170, 0.1149, 0.4170, 0.4170, 0.4170, 0.4170, 0.4170
FRL, SMAP, True, fpr, 0.9297, 0.9297, 0.9299, 0.9299, 0.9297, 0.9299, 0.9299, 0.9299, 0.9297, 0.9299, 0.9299, 0.9299, 0.9299, 0.9299, 0.9299, 0.9299, 0.9297, 0.9299, 0.9297, 0.9299, 0.9299, 0.9299, 0.9299, 0.9299, 0.9298, 0.9299, 0.9299, 0.9299, 0.9299, 0.9299, 0.9298, 0.9297
FRL, SMAP, True, auc, 0.4268, 0.4268, 0.4268, 0.4268, 0.4268, 0.4268, 0.4268, 0.4268, 0.4268, 0.4268, 0.4268, 0.4268, 0.4268, 0.4268, 0.4268, 0.4268, 0.4268, 0.4268, 0.4268, 0.4268, 0.4268, 0.4268, 0.4268, 0.4268, 0.4268, 0.4268, 0.4268, 0.4268, 0.4268, 0.4268, 0.4268, 0.4268
FRL, SMAP, True, f1b, 0.4170, 0.4170, 0.4170, 0.4170, 0.4170, 0.4170, 0.4170, 0.4170, 0.4170, 0.4170, 0.4170, 0.4170, 0.4170, 0.4170, 0.4170, 0.4170, 0.4170, 0.4170, 0.4170, 0.4170, 0.4170, 0.4170, 0.4170, 0.4170, 0.4170, 0.4170, 0.4170, 0.4170, 0.4170, 0.4170, 0.4170, 0.4170
FRR, SMAP, True, fpr, 0.9384, 0.9383, 0.9383, 0.9384, 0.9383, 0.9384, 0.9383, 0.9383, 0.9383, 0.9383, 0.9383, 0.9384, 0.9383, 0.9384, 0.9383, 0.9383, 0.9384, 0.9383, 0.9383, 0.9383, 0.9383, 0.9383, 0.9384, 0.9384, 0.9386, 0.9383, 0.9383, 0.9384, 0.9383, 0.9383, 0.9383, 0.9383
FRR, SMAP, True, auc, 0.4959, 0.4965, 0.4961, 0.4961, 0.4962, 0.4977, 0.4958, 0.4981, 0.4961, 0.4958, 0.4958, 0.4961, 0.4975, 0.4959, 0.4958, 0.4958, 0.4961, 0.4961, 0.4969, 0.4965, 0.4958, 0.4958, 0.4961, 0.4958, 0.4940, 0.4958, 0.4963, 0.4961, 0.4963, 0.4969, 0.4958, 0.4958
FRR, SMAP, True, f1b, 0.4170, 0.4170, 0.4170, 0.4170, 0.4170, 0.4170, 0.4170, 0.4170, 0.4170, 0.4170, 0.4170, 0.4170, 0.4170, 0.4170, 0.4170, 0.4170, 0.4170, 0.4170, 0.4170, 0.4170, 0.4170, 0.4170, 0.4170, 0.4170, 0.4170, 0.4170, 0.4170, 0.4170, 0.4170, 0.4170, 0.4170, 0.4170
OCSVM, SMAP, True, fpr, 0.9298, 0.9298, 0.9298, 0.9298, 0.9298, 0.9298, 0.9298, 0.9298, 0.9298, 0.9298, 0.9298, 0.9298, 0.9298, 0.9298, 0.9298, 0.9298, 0.9298, 0.9298, 0.9298, 0.9298, 0.9298, 0.9298, 0.9298, 0.9298, 0.9298, 0.9298, 0.9298, 0.9298, 0.9298, 0.9298, 0.9298, 0.9298
OCSVM, SMAP, True, auc, 0.4155, 0.4155, 0.4155, 0.4155, 0.4155, 0.4155, 0.4155, 0.4155, 0.4155, 0.4155, 0.4155, 0.4155, 0.4155, 0.4155, 0.4155, 0.4155, 0.4155, 0.4155, 0.4155, 0.4155, 0.4155, 0.4155, 0.4155, 0.4155, 0.4155, 0.4155, 0.4155, 0.4155, 0.4155, 0.4155, 0.4155, 0.4155
OCSVM, SMAP, True, f1b, 0.9411, 0.9411, 0.9411, 0.9411, 0.9411, 0.9411, 0.9411, 0.9411, 0.9411, 0.9411, 0.9411, 0.9411, 0.9411, 0.9411, 0.9411, 0.9411, 0.9411, 0.9411, 0.9411, 0.9411, 0.9411, 0.9411, 0.9411, 0.9411, 0.9411, 0.9411, 0.9411, 0.9411, 0.9411, 0.9411, 0.9411, 0.9411
DBSCAN, SMAP, True, fpr, 0.9353, 0.9353, 0.9353, 0.9353, 0.9353, 0.9353, 0.9353, 0.9353, 0.9353, 0.9353, 0.9353, 0.9353, 0.9353, 0.9353, 0.9353, 0.9353, 0.9353, 0.9353, 0.9353, 0.9353, 0.9353, 0.9353, 0.9353, 0.9353, 0.9353, 0.9353, 0.9353, 0.9353, 0.9353, 0.9353, 0.9353, 0.9353
DBSCAN, SMAP, True, auc, 0.4812, 0.4812, 0.4812, 0.4812, 0.4812, 0.4812, 0.4812, 0.4812, 0.4812, 0.4812, 0.4812, 0.4812, 0.4812, 0.4812, 0.4812, 0.4812, 0.4812, 0.4812, 0.4812, 0.4812, 0.4812, 0.4812, 0.4812, 0.4812, 0.4812, 0.4812, 0.4812, 0.4812, 0.4812, 0.4812, 0.4812, 0.4812
DBSCAN, SMAP, True, f1b, 0.9391, 0.9391, 0.9391, 0.9391, 0.9391, 0.9391, 0.9391, 0.9391, 0.9391, 0.9391, 0.9391, 0.9391, 0.9391, 0.9391, 0.9391, 0.9391, 0.9391, 0.9391, 0.9391, 0.9391, 0.9391, 0.9391, 0.9391, 0.9391, 0.9391, 0.9391, 0.9391, 0.9391, 0.9391, 0.9391, 0.9391, 0.9391
GMM, SMAP, True, fpr, 0.9353, 0.9353, 0.9353, 0.9353, 0.9353, 0.9353, 0.9353, 0.9353, 0.9353, 0.9353, 0.9353, 0.9353, 0.9353, 0.9353, 0.9353, 0.9353, 0.9353, 0.9353, 0.9353, 0.9353, 0.9353, 0.9353, 0.9353, 0.9353, 0.9353, 0.9353, 0.9353, 0.9353, 0.9353, 0.9353, 0.9353, 0.9353
GMM, SMAP, True, auc, 0.4814, 0.4814, 0.4814, 0.4814, 0.4814, 0.4814, 0.4814, 0.4814, 0.4814, 0.4814, 0.4814, 0.4814, 0.4814, 0.4814, 0.4814, 0.4814, 0.4814, 0.4814, 0.4814, 0.4814, 0.4814, 0.4814, 0.4814, 0.4814, 0.4814, 0.4814, 0.4814, 0.4814, 0.4814, 0.4814, 0.4814, 0.4814
GMM, SMAP, True, f1b, 0.9361, 0.9361, 0.9361, 0.9361, 0.9361, 0.9361, 0.9361, 0.9361, 0.9361, 0.9361, 0.9361, 0.9361, 0.9361, 0.9361, 0.9361, 0.9361, 0.9361, 0.9361, 0.9361, 0.9361, 0.9361, 0.9361, 0.9361, 0.9361, 0.9361, 0.9361, 0.9361, 0.9361, 0.9361, 0.9361, 0.9361, 0.9361
IF, SMAP, True, fpr, 0.9298, 0.9298, 0.9298, 0.9298, 0.9298, 0.9298, 0.9298, 0.9298, 0.9298, 0.9298, 0.9298, 0.9298, 0.9298, 0.9298, 0.9298, 0.9298, 0.9298, 0.9298, 0.9298, 0.9298, 0.9298, 0.9298, 0.9298, 0.9298, 0.9298, 0.9298, 0.9298, 0.9298, 0.9298, 0.9298, 0.9298, 0.9298
IF, SMAP, True, auc, 0.4155, 0.4155, 0.4155, 0.4155, 0.4155, 0.4155, 0.4156, 0.4155, 0.4155, 0.4155, 0.4155, 0.4155, 0.4155, 0.4155, 0.4155, 0.4155, 0.4155, 0.4156, 0.4155, 0.4155, 0.4155, 0.4155, 0.4155, 0.4155, 0.4156, 0.4156, 0.4156, 0.4155, 0.4155, 0.4155, 0.4155, 0.4155
IF, SMAP, True, f1b, 0.9989, 1.0000, 0.9989, 0.9989, 0.9989, 0.9686, 0.9933, 1.0000, 0.9989, 0.9857, 1.0000, 1.0000, 0.9933, 1.0000, 0.9792, 0.9835, 1.0000, 1.0000, 1.0000, 1.0000, 0.9878, 0.9878, 0.9989, 0.9521, 0.9623, 0.9989, 1.0000, 1.0000, 1.0000, 0.9933, 0.9696, 0.9989
LSTM, SMAP, True, fpr, 0.9385, 0.9386, 0.9382, 0.9388, 0.9388, 0.9384, 0.9386, 0.9388, 0.9390, 0.9388, 0.9389, 0.9387, 0.9387, 0.9386, 0.9388, 0.9386, 0.9386, 0.9387, 0.9387, 0.9388, 0.9389, 0.9387, 0.9388, 0.9387, 0.9387, 0.9386, 0.9385, 0.9386, 0.9389, 0.9387, 0.9386, 0.9387
LSTM, SMAP, True, auc, 0.4814, 0.4932, 0.4865, 0.4862, 0.4859, 0.5069, 0.4846, 0.5056, 0.5118, 0.4912, 0.4812, 0.4707, 0.4877, 0.4821, 0.5035, 0.4967, 0.4999, 0.5075, 0.4674, 0.4908, 0.5106, 0.4986, 0.4920, 0.4818, 0.5068, 0.4979, 0.5152, 0.5030, 0.4590, 0.4956, 0.5113, 0.4832
LSTM, SMAP, True, f1b, 0.9490, 0.9095, 0.9303, 0.9274, 0.9531, 0.9868, 0.9501, 0.9313, 0.9686, 0.9470, 0.9665, 0.9760, 0.9245, 0.9760, 0.9440, 0.9440, 0.9760, 0.9430, 0.9900, 0.9371, 0.9665, 0.9450, 0.8922, 0.9264, 0.9531, 0.9470, 0.9686, 0.9739, 0.9654, 0.9160, 0.9675, 0.9592
GRU, SMAP, True, fpr, 0.9388, 0.9389, 0.9388, 0.9381, 0.9389, 0.9389, 0.9389, 0.9388, 0.9385, 0.9390, 0.9386, 0.9385, 0.9388, 0.9387, 0.9388, 0.9388, 0.9390, 0.9389, 0.9386, 0.9389, 0.9386, 0.9383, 0.9389, 0.9390, 0.9389, 0.9389, 0.9385, 0.9389, 0.9388, 0.9390, 0.9387, 0.9385
GRU, SMAP, True, auc, 0.4551, 0.3604, 0.5223, 0.3873, 0.5047, 0.4863, 0.4445, 0.3853, 0.5017, 0.4622, 0.4159, 0.4598, 0.4003, 0.5082, 0.4086, 0.4592, 0.4181, 0.4865, 0.4845, 0.3786, 0.4869, 0.4828, 0.4633, 0.4011, 0.4845, 0.5289, 0.4179, 0.4873, 0.5203, 0.4952, 0.5273, 0.5096
GRU, SMAP, True, f1b, 0.9824, 0.9813, 0.9675, 0.9644, 0.9728, 0.9450, 0.9696, 0.9420, 0.9160, 0.9824, 0.9401, 0.9541, 0.9770, 0.9717, 0.9665, 0.9781, 0.9582, 0.9728, 0.9707, 0.9460, 0.9944, 0.9531, 0.9813, 0.9749, 0.9342, 0.9531, 0.9654, 0.9342, 0.9813, 0.9450, 0.9889, 0.9781
AE, SMAP, True, fpr, 0.9298, 0.9294, 0.9302, 0.9298, 0.9388, 0.9245, 0.9251, 0.9300, 0.9298, 0.9298, 0.9382, 0.9390, 0.9300, 0.9252, 0.9298, 0.9294, 0.9298, 0.9385, 0.9298, 0.9250, 0.9251, 0.9252, 0.9250, 0.9298, 0.9251, 0.9300, 0.9251, 0.9298, 0.9298, 0.9295, 0.9298, 0.9298
AE, SMAP, True, auc, 0.4156, 0.4175, 0.4188, 0.4154, 0.4997, 0.4301, 0.4207, 0.4189, 0.4168, 0.4154, 0.4515, 0.4488, 0.4187, 0.4199, 0.4189, 0.4180, 0.4155, 0.4398, 0.4190, 0.4219, 0.4204, 0.4206, 0.4217, 0.4156, 0.4206, 0.4174, 0.4200, 0.4155, 0.4154, 0.4168, 0.4158, 0.4155
AE, SMAP, True, f1b, 0.9592, 0.9411, 0.9644, 0.9480, 0.9460, 0.9868, 0.9440, 0.9900, 0.9460, 0.9460, 0.9351, 0.9696, 0.9411, 0.9501, 0.9322, 0.9654, 0.9490, 0.9911, 0.9460, 0.9440, 0.9480, 0.9900, 0.9900, 0.9480, 0.9460, 0.9480, 0.9889, 0.9391, 0.9430, 0.9460, 0.9824, 0.9551
VAE, SMAP, True, fpr, 0.9389, 0.9387, 0.9389, 0.9389, 0.9390, 0.9390, 0.9390, 0.9389, 0.9390, 0.9387, 0.9387, 0.9390, 0.9390, 0.9390, 0.9390, 0.9389, 0.9390, 0.9388, 0.9390, 0.9387, 0.9390, 0.9390, 0.9387, 0.9390, 0.9387, 0.9390, 0.9390, 0.9389, 0.9390, 0.9390, 0.9390, 0.9390
VAE, SMAP, True, auc, 0.5838, 0.5840, 0.5844, 0.5810, 0.5844, 0.5841, 0.5846, 0.5790, 0.5832, 0.5829, 0.5799, 0.5841, 0.5839, 0.5841, 0.5843, 0.5796, 0.5842, 0.5842, 0.5839, 0.5831, 0.5841, 0.5798, 0.5841, 0.5841, 0.5795, 0.5843, 0.5820, 0.5841, 0.5794, 0.5845, 0.5841, 0.5842
VAE, SMAP, True, f1b, 0.1587, 0.1587, 0.1587, 0.1587, 0.1587, 0.1587, 0.1587, 0.1587, 0.1587, 0.1587, 0.1587, 0.1587, 0.1587, 0.1587, 0.1587, 0.1587, 0.1587, 0.1587, 0.1587, 0.1587, 0.1587, 0.1587, 0.1587, 0.1587, 0.1587, 0.1587, 0.1587, 0.1587, 0.1587, 0.1587, 0.1587, 0.1587
OP, SMAP, True, fpr, 0.9350, 0.9350, 0.9350, 0.9350, 0.9350, 0.9350, 0.9350, 0.9350, 0.9350, 0.9350, 0.9350, 0.9350, 0.9350, 0.9350, 0.9350, 0.9350, 0.9350, 0.9350, 0.9350, 0.9350, 0.9350, 0.9350, 0.9350, 0.9350, 0.9350, 0.9350, 0.9350, 0.9350, 0.9350, 0.9350, 0.9350, 0.9350
OP, SMAP, True, auc, 0.4985, 0.4985, 0.4985, 0.4985, 0.4985, 0.4985, 0.4985, 0.4985, 0.4985, 0.4985, 0.4985, 0.4985, 0.4985, 0.4985, 0.4985, 0.4985, 0.4985, 0.4985, 0.4985, 0.4985, 0.4985, 0.4985, 0.4985, 0.4985, 0.4985, 0.4985, 0.4985, 0.4985, 0.4985, 0.4985, 0.4985, 0.4985
OP, SMAP, True, f1b, 0.1149, 0.1149, 0.1149, 0.1149, 0.1149, 0.1149, 0.1149, 0.1149, 0.1149, 0.1149, 0.1149, 0.1149, 0.1149, 0.1149, 0.1149, 0.1149, 0.1149, 0.1149, 0.1149, 0.1149, 0.1149, 0.1149, 0.1149, 0.1149, 0.1149, 0.1149, 0.1149, 0.1149, 0.1149, 0.1149, 0.1149, 0.1149
RAND, SMAP, True, fpr, 0.9389, 0.9390, 0.9390, 0.9388, 0.9389, 0.9390, 1.0000, 0.9390, 0.9390, 0.9389, 0.9389, 0.9388, 0.9390, 0.9389, 0.9389, 0.9387, 0.9389, 0.9390, 0.9389, 0.9390, 0.9390, 0.9389, 0.9390, 0.9388, 0.9390, 0.9381, 0.9390, 0.9387, 0.9389, 0.9390, 0.9389, 0.9388
RAND, SMAP, True, auc, 0.4884, 0.5092, 0.4889, 0.5100, 0.4912, 0.5046, 0.4894, 0.4983, 0.4896, 0.4869, 0.4892, 0.5271, 0.4855, 0.5062, 0.5108, 0.4769, 0.4877, 0.5126, 0.4924, 0.4708, 0.4959, 0.4868, 0.5029, 0.5010, 0.5338, 0.4940, 0.5065, 0.4880, 0.4626, 0.4985, 0.4961, 0.4819
RAND, SMAP, True, f1b, 0.9803, 0.9911, 0.9531, 1.0000, 0.9665, 0.9501, 0.9322, 0.9749, 0.9760, 0.9634, 0.9792, 0.9889, 0.9911, 0.9922, 0.9922, 0.9835, 0.9933, 0.9846, 0.9857, 0.9911, 1.0000, 0.9911, 0.9707, 0.9900, 0.9803, 0.9944, 0.9665, 1.0000, 0.9686, 1.0000, 0.9739, 0.9572
