VAR, SMAP, True, fpr, nan, nan, nan, nan, nan, nan, nan, nan, nan, nan, nan, nan, nan, nan, nan, nan, nan, nan, nan, nan, nan, nan, nan, nan, nan, nan, nan, nan, nan, nan, nan, nan
VAR, SMAP, True, auc, nan, nan, nan, nan, nan, nan, nan, nan, nan, nan, nan, nan, nan, nan, nan, nan, nan, nan, nan, nan, nan, nan, nan, nan, nan, nan, nan, nan, nan, nan, nan, nan
VAR, SMAP, True, f1b, nan, nan, nan, nan, nan, nan, nan, nan, nan, nan, nan, nan, nan, nan, nan, nan, nan, nan, nan, nan, nan, nan, nan, nan, nan, nan, nan, nan, nan, nan, nan, nan
FRO, SMAP, True, fpr, 0.9738, 0.9738, 0.9737, 0.9738, 0.9738, 0.9737, 0.9738, 0.9738, 0.9737, 0.9737, 0.9738, 0.9738, 0.9738, 0.9738, 0.9738, 0.9738, 0.9738, 0.9738, 0.9738, 0.9738, 0.9738, 0.9737, 0.9738, 0.9738, 0.9738, 0.9738, 0.9738, 0.9738, 0.9738, 0.9737, 0.9738, 0.9738
FRO, SMAP, True, auc, 0.5022, 0.5055, 0.5029, 0.5024, 0.5022, 0.5029, 0.5024, 0.5022, 0.5029, 0.5029, 0.5022, 0.5022, 0.5022, 0.5027, 0.5022, 0.5022, 0.5024, 0.5022, 0.5022, 0.5024, 0.5024, 0.5029, 0.5024, 0.5022, 0.5022, 0.5022, 0.5022, 0.5024, 0.5022, 0.5029, 0.5022, 0.5022
FRO, SMAP, True, f1b, 0.0415, 0.0415, 1.0000, 0.0415, 1.0000, 1.0000, 0.0415, 0.0415, 1.0000, 0.0415, 1.0000, 0.0415, 0.0415, 1.0000, 1.0000, 0.0415, 1.0000, 0.0415, 0.0415, 0.0415, 1.0000, 0.0415, 1.0000, 1.0000, 1.0000, 0.0415, 1.0000, 1.0000, 1.0000, 1.0000, 0.0415, 0.0415
FRL, SMAP, True, fpr, 0.9738, 0.9738, 0.9738, 0.9738, 0.9738, 0.9738, 0.9738, 0.9738, 0.9738, 0.9738, 0.9738, 0.9738, 0.9738, 0.9738, 0.9738, 0.9738, 0.9738, 0.9738, 0.9738, 0.9738, 0.9738, 0.9738, 0.9738, 0.9738, 0.9738, 0.9738, 0.9738, 0.9738, 0.9738, 0.9738, 0.9738, 0.9738
FRL, SMAP, True, auc, 0.5022, 0.5022, 0.5022, 0.5022, 0.5022, 0.5022, 0.5022, 0.5022, 0.5022, 0.5022, 0.5022, 0.5022, 0.5022, 0.5022, 0.5022, 0.5022, 0.5022, 0.5022, 0.5022, 0.5022, 0.5022, 0.5022, 0.5022, 0.5022, 0.5022, 0.5022, 0.5022, 0.5022, 0.5022, 0.5022, 0.5022, 0.5022
FRL, SMAP, True, f1b, 1.0000, 1.0000, 1.0000, 1.0000, 1.0000, 1.0000, 1.0000, 1.0000, 1.0000, 1.0000, 1.0000, 1.0000, 1.0000, 1.0000, 1.0000, 1.0000, 1.0000, 1.0000, 1.0000, 1.0000, 1.0000, 1.0000, 1.0000, 1.0000, 1.0000, 1.0000, 1.0000, 1.0000, 1.0000, 1.0000, 1.0000, 1.0000
FRR, SMAP, True, fpr, 0.9738, 0.9738, 0.9738, 0.9738, 0.9738, 0.9738, 0.9738, 0.9738, 0.9738, 0.9738, 0.9738, 0.9738, 0.9738, 0.9738, 0.9738, 0.9738, 0.9738, 0.9738, 0.9738, 0.9738, 0.9738, 0.9738, 0.9738, 0.9738, 0.9738, 0.9738, 0.9738, 0.9738, 0.9738, 0.9738, 0.9738, 0.9738
FRR, SMAP, True, auc, 0.5022, 0.5022, 0.5022, 0.5022, 0.5022, 0.5022, 0.5022, 0.5022, 0.5022, 0.5022, 0.5022, 0.5022, 0.5022, 0.5022, 0.5022, 0.5022, 0.5022, 0.5022, 0.5022, 0.5022, 0.5022, 0.5022, 0.5022, 0.5022, 0.5022, 0.5022, 0.5022, 0.5022, 0.5022, 0.5022, 0.5022, 0.5022
FRR, SMAP, True, f1b, 1.0000, 1.0000, 1.0000, 1.0000, 1.0000, 1.0000, 1.0000, 1.0000, 1.0000, 1.0000, 1.0000, 1.0000, 1.0000, 1.0000, 1.0000, 1.0000, 1.0000, 1.0000, 1.0000, 1.0000, 1.0000, 1.0000, 1.0000, 1.0000, 1.0000, 1.0000, 1.0000, 1.0000, 1.0000, 1.0000, 1.0000, 1.0000
OCSVM, SMAP, True, fpr, 0.9738, 0.9738, 0.9738, 0.9738, 0.9738, 0.9738, 0.9738, 0.9738, 0.9738, 0.9738, 0.9738, 0.9738, 0.9738, 0.9738, 0.9738, 0.9738, 0.9738, 0.9738, 0.9738, 0.9738, 0.9738, 0.9738, 0.9738, 0.9738, 0.9738, 0.9738, 0.9738, 0.9738, 0.9738, 0.9738, 0.9738, 0.9738
OCSVM, SMAP, True, auc, 0.5022, 0.5022, 0.5022, 0.5022, 0.5022, 0.5022, 0.5022, 0.5022, 0.5022, 0.5022, 0.5022, 0.5022, 0.5022, 0.5022, 0.5022, 0.5022, 0.5022, 0.5022, 0.5022, 0.5022, 0.5022, 0.5022, 0.5022, 0.5022, 0.5022, 0.5022, 0.5022, 0.5022, 0.5022, 0.5022, 0.5022, 0.5022
OCSVM, SMAP, True, f1b, 1.0000, 1.0000, 1.0000, 1.0000, 1.0000, 1.0000, 1.0000, 1.0000, 1.0000, 1.0000, 1.0000, 1.0000, 1.0000, 1.0000, 1.0000, 1.0000, 1.0000, 1.0000, 1.0000, 1.0000, 1.0000, 1.0000, 1.0000, 1.0000, 1.0000, 1.0000, 1.0000, 1.0000, 1.0000, 1.0000, 1.0000, 1.0000
DBSCAN, SMAP, True, fpr, 0.9738, 0.9738, 0.9738, 0.9738, 0.9738, 0.9738, 0.9738, 0.9738, 0.9738, 0.9738, 0.9738, 0.9738, 0.9738, 0.9738, 0.9738, 0.9738, 0.9738, 0.9738, 0.9738, 0.9738, 0.9738, 0.9738, 0.9738, 0.9738, 0.9738, 0.9738, 0.9738, 0.9738, 0.9738, 0.9738, 0.9738, 0.9738
DBSCAN, SMAP, True, auc, 0.5022, 0.5022, 0.5022, 0.5022, 0.5022, 0.5022, 0.5022, 0.5022, 0.5022, 0.5022, 0.5022, 0.5022, 0.5022, 0.5022, 0.5022, 0.5022, 0.5022, 0.5022, 0.5022, 0.5022, 0.5022, 0.5022, 0.5022, 0.5022, 0.5022, 0.5022, 0.5022, 0.5022, 0.5022, 0.5022, 0.5022, 0.5022
DBSCAN, SMAP, True, f1b, 0.9579, 0.9579, 0.9579, 0.9579, 0.9579, 0.9579, 0.9579, 0.9579, 0.9579, 0.9579, 0.9579, 0.9579, 0.9579, 0.9579, 0.9579, 0.9579, 0.9579, 0.9579, 0.9579, 0.9579, 0.9579, 0.9579, 0.9579, 0.9579, 0.9579, 0.9579, 0.9579, 0.9579, 0.9579, 0.9579, 0.9579, 0.9579
GMM, SMAP, True, fpr, 1.0000, 1.0000, 0.9738, 1.0000, 1.0000, 1.0000, 0.9738, 1.0000, 1.0000, 0.9738, 1.0000, 1.0000, 1.0000, 1.0000, 0.9738, 0.9738, 0.9738, 0.9738, 1.0000, 0.9738, 1.0000, 1.0000, 1.0000, 0.9738, 0.9738, 0.9738, 0.9738, 0.9738, 1.0000, 1.0000, 0.9738, 1.0000
GMM, SMAP, True, auc, 0.4912, 0.4912, 0.5022, 0.4912, 0.4912, 0.4912, 0.5021, 0.4912, 0.4912, 0.5022, 0.4912, 0.4912, 0.4912, 0.4912, 0.5022, 0.5022, 0.5022, 0.5022, 0.4912, 0.5022, 0.4912, 0.4912, 0.4912, 0.5022, 0.5022, 0.5022, 0.5021, 0.5022, 0.4912, 0.4912, 0.5022, 0.4912
GMM, SMAP, True, f1b, 0.0415, 0.0415, 0.9529, 0.0415, 0.0415, 0.0415, 0.8667, 0.0415, 0.0415, 0.9630, 0.0415, 0.0415, 0.0415, 0.0415, 0.9455, 0.9455, 0.9529, 0.9529, 0.0415, 0.9529, 0.0415, 0.0415, 0.0415, 0.9529, 0.9529, 0.9529, 0.8667, 0.9529, 0.0415, 0.0415, 0.9529, 0.0415
IF, SMAP, True, fpr, 0.9738, 0.9738, 0.9738, 0.9738, 0.9738, 0.9738, 0.9738, 0.9738, 0.9738, 0.9738, 0.9738, 0.9738, 0.9738, 0.9738, 0.9738, 0.9738, 0.9738, 0.9738, 0.9738, 0.9738, 0.9738, 0.9738, 0.9738, 0.9738, 0.9738, 0.9738, 0.9738, 0.9738, 0.9738, 0.9738, 0.9738, 0.9738
IF, SMAP, True, auc, 0.5021, 0.5021, 0.5021, 0.5021, 0.5021, 0.5021, 0.5021, 0.5021, 0.5021, 0.5021, 0.5021, 0.5021, 0.5021, 0.5021, 0.5021, 0.5021, 0.5021, 0.5021, 0.5021, 0.5021, 0.5021, 0.5021, 0.5021, 0.5021, 0.5021, 0.5021, 0.5021, 0.5021, 0.5021, 0.5021, 0.5021, 0.5021
IF, SMAP, True, f1b, 0.8835, 0.8835, 0.8835, 0.8771, 0.8835, 0.8835, 0.8835, 0.8835, 0.8835, 0.8856, 0.8835, 0.8835, 0.8835, 0.8856, 0.8835, 0.8835, 0.8771, 0.8856, 0.8835, 0.8835, 0.8856, 0.8835, 0.8835, 0.8835, 0.8856, 0.8835, 0.8835, 0.8835, 0.8835, 0.8835, 0.8856, 0.8771
LSTM, SMAP, True, fpr, 0.9788, 0.9787, 0.9737, 0.9787, 0.9788, 0.9788, 0.9787, 0.9787, 0.9737, 0.9788, 0.9788, 0.9787, 0.9788, 0.9738, 0.9788, 0.9788, 0.9788, 0.9788, 0.9788, 0.9738, 0.9788, 0.9738, 0.9788, 0.9787, 0.9787, 0.9788, 0.9787, 0.9737, 0.9787, 0.9788, 0.9737, 0.9788
LSTM, SMAP, True, auc, 0.5102, 0.5123, 0.5826, 0.5109, 0.5291, 0.4997, 0.5098, 0.4910, 0.5834, 0.5499, 0.4986, 0.5522, 0.4985, 0.5817, 0.5394, 0.4988, 0.5209, 0.5713, 0.4872, 0.5822, 0.4878, 0.5812, 0.5186, 0.5311, 0.5415, 0.5199, 0.4998, 0.5841, 0.5004, 0.4898, 0.5832, 0.5091
LSTM, SMAP, True, f1b, 1.0000, 1.0000, 1.0000, 1.0000, 1.0000, 1.0000, 1.0000, 1.0000, 1.0000, 1.0000, 1.0000, 1.0000, 1.0000, 1.0000, 1.0000, 1.0000, 1.0000, 1.0000, 1.0000, 1.0000, 1.0000, 1.0000, 1.0000, 1.0000, 1.0000, 1.0000, 1.0000, 1.0000, 1.0000, 1.0000, 1.0000, 1.0000
GRU, SMAP, True, fpr, 0.9738, 0.9737, 0.9738, 0.9737, 0.9737, 0.9738, 0.9787, 0.9737, 0.9737, 0.9737, 0.9737, 0.9737, 0.9737, 0.9737, 0.9787, 0.9737, 0.9788, 0.9787, 0.9737, 0.9787, 0.9737, 0.9787, 0.9788, 0.9738, 0.9737, 0.9737, 0.9737, 0.9787, 0.9738, 0.9737, 0.9737, 0.9737
GRU, SMAP, True, auc, 0.5825, 0.5853, 0.5818, 0.5826, 0.5828, 0.5817, 0.5755, 0.5827, 0.5856, 0.5832, 0.5836, 0.5849, 0.5831, 0.5829, 0.5629, 0.5841, 0.5726, 0.5742, 0.5843, 0.5639, 0.5836, 0.5744, 0.5721, 0.5822, 0.5829, 0.5836, 0.5828, 0.5628, 0.5816, 0.5846, 0.5825, 0.5849
GRU, SMAP, True, f1b, 1.0000, 1.0000, 1.0000, 1.0000, 1.0000, 1.0000, 1.0000, 1.0000, 1.0000, 1.0000, 1.0000, 1.0000, 1.0000, 1.0000, 1.0000, 1.0000, 1.0000, 1.0000, 1.0000, 1.0000, 1.0000, 1.0000, 1.0000, 1.0000, 1.0000, 1.0000, 1.0000, 1.0000, 1.0000, 1.0000, 1.0000, 1.0000
AE, SMAP, True, fpr, 0.9738, 0.9738, 0.9738, 0.9738, 0.9738, 0.9738, 0.9738, 0.9738, 0.9738, 0.9738, 0.9738, 0.9738, 0.9738, 0.9738, 0.9738, 0.9738, 0.9738, 0.9738, 0.9738, 0.9738, 0.9738, 0.9738, 0.9738, 0.9738, 0.9738, 0.9738, 0.9738, 0.9738, 0.9738, 0.9738, 0.9738, 0.9738
AE, SMAP, True, auc, 0.5022, 0.5022, 0.5022, 0.5022, 0.5022, 0.5022, 0.5022, 0.5022, 0.5022, 0.5022, 0.5022, 0.5022, 0.5022, 0.5022, 0.5022, 0.5022, 0.5022, 0.5022, 0.5022, 0.5022, 0.5022, 0.5022, 0.5022, 0.5022, 0.5022, 0.5022, 0.5022, 0.5022, 0.5022, 0.5022, 0.5022, 0.5022
AE, SMAP, True, f1b, 1.0000, 0.9918, 1.0000, 0.9973, 0.9838, 0.9945, 1.0000, 1.0000, 0.9838, 0.9973, 0.9973, 0.9891, 0.9945, 0.9973, 1.0000, 0.9864, 0.9973, 0.9945, 0.9973, 0.9973, 0.9838, 0.9973, 1.0000, 0.9945, 1.0000, 0.9973, 0.9945, 1.0000, 1.0000, 1.0000, 1.0000, 0.9838
VAE, SMAP, True, fpr, 0.9737, 0.9737, 0.9737, 0.9737, 0.9737, 0.9737, 0.9737, 0.9737, 0.9737, 0.9737, 0.9737, 0.9737, 0.9737, 0.9737, 0.9737, 0.9737, 0.9737, 0.9737, 0.9737, 0.9737, 0.9737, 0.9737, 0.9737, 0.9737, 0.9737, 0.9737, 0.9737, 0.9737, 0.9737, 0.9737, 0.9737, 0.9737
VAE, SMAP, True, auc, 0.5088, 0.5088, 0.5088, 0.5088, 0.5088, 0.5084, 0.5088, 0.5088, 0.5088, 0.5088, 0.5088, 0.5088, 0.5088, 0.5088, 0.5088, 0.5088, 0.5088, 0.5088, 0.5088, 0.5088, 0.5088, 0.5088, 0.5088, 0.5088, 0.5088, 0.5088, 0.5088, 0.5088, 0.5088, 0.5088, 0.5088, 0.5088
VAE, SMAP, True, f1b, 1.0000, 1.0000, 1.0000, 1.0000, 1.0000, 1.0000, 1.0000, 1.0000, 1.0000, 1.0000, 1.0000, 1.0000, 1.0000, 1.0000, 1.0000, 1.0000, 1.0000, 1.0000, 1.0000, 1.0000, 1.0000, 1.0000, 1.0000, 1.0000, 1.0000, 1.0000, 1.0000, 1.0000, 1.0000, 1.0000, 1.0000, 1.0000
OP, SMAP, True, fpr, 0.9738, 0.9738, 0.9738, 0.9738, 0.9738, 0.9738, 0.9738, 0.9738, 0.9738, 0.9738, 0.9738, 0.9738, 0.9738, 0.9738, 0.9738, 0.9738, 0.9738, 0.9738, 0.9738, 0.9738, 0.9738, 0.9738, 0.9738, 0.9738, 0.9738, 0.9738, 0.9738, 0.9738, 0.9738, 0.9738, 0.9738, 0.9738
OP, SMAP, True, auc, 0.4993, 0.4993, 0.4993, 0.4993, 0.4993, 0.4993, 0.4993, 0.4993, 0.4993, 0.4993, 0.4993, 0.4993, 0.4993, 0.4993, 0.4993, 0.4993, 0.4993, 0.4993, 0.4993, 0.4993, 0.4993, 0.4993, 0.4993, 0.4993, 0.4993, 0.4993, 0.4993, 0.4993, 0.4993, 0.4993, 0.4993, 0.4993
OP, SMAP, True, f1b, 0.0416, 0.0416, 0.0416, 0.0416, 0.0416, 0.0416, 0.0416, 0.0416, 0.0416, 0.0416, 0.0416, 0.0416, 0.0416, 0.0416, 0.0416, 0.0416, 0.0416, 0.0416, 0.0416, 0.0416, 0.0416, 0.0416, 0.0416, 0.0416, 0.0416, 0.0416, 0.0416, 0.0416, 0.0416, 0.0416, 0.0416, 0.0416
RAND, SMAP, True, fpr, 0.9785, 0.9786, 0.9783, 0.9787, 0.9787, 0.9788, 0.9787, 0.9788, 0.9786, 0.9788, 0.9788, 0.9786, 0.9787, 0.9787, 0.9787, 0.9787, 0.9788, 0.9787, 0.9785, 0.9787, 0.9787, 0.9787, 0.9788, 0.9787, 0.9788, 0.9787, 0.9786, 0.9785, 0.9787, 0.9788, 0.9788, 0.9787
RAND, SMAP, True, auc, 0.5101, 0.5028, 0.5030, 0.4997, 0.5152, 0.5038, 0.5036, 0.4928, 0.4902, 0.4450, 0.5429, 0.5318, 0.5184, 0.4794, 0.4911, 0.5015, 0.5213, 0.4999, 0.4717, 0.5251, 0.4970, 0.5101, 0.4838, 0.4980, 0.5179, 0.5010, 0.5078, 0.4913, 0.5025, 0.4860, 0.4947, 0.5295
RAND, SMAP, True, f1b, 0.8107, 0.7027, 0.7862, 0.7930, 0.8368, 0.7444, 0.7828, 0.7794, 0.8966, 0.5964, 0.7811, 0.7368, 0.6308, 0.6894, 0.8626, 0.6987, 0.8585, 0.6757, 0.8349, 0.6855, 0.8292, 0.6766, 0.6667, 0.8445, 0.8646, 0.9554, 0.8235, 0.7965, 0.8161, 0.8729, 0.8545, 0.5540
