VAR, SMAP, True, fpr, nan, nan, nan, nan, nan, nan, nan, nan, nan, nan, nan, nan, nan, nan, nan, nan, nan, nan, nan, nan, nan, nan, nan, nan, nan, nan, nan, nan, nan, nan, nan, nan
VAR, SMAP, True, auc, nan, nan, nan, nan, nan, nan, nan, nan, nan, nan, nan, nan, nan, nan, nan, nan, nan, nan, nan, nan, nan, nan, nan, nan, nan, nan, nan, nan, nan, nan, nan, nan
VAR, SMAP, True, f1b, nan, nan, nan, nan, nan, nan, nan, nan, nan, nan, nan, nan, nan, nan, nan, nan, nan, nan, nan, nan, nan, nan, nan, nan, nan, nan, nan, nan, nan, nan, nan, nan
FRO, SMAP, True, fpr, 0.8249, 0.8252, 0.8252, 0.8255, 0.8251, 0.8351, 0.8252, 0.8254, 0.8248, 0.8254, 0.8249, 0.8247, 0.8253, 0.8250, 0.8251, 0.8255, 0.8248, 0.8250, 0.8247, 0.8249, 0.8253, 0.8248, 0.8252, 0.8245, 0.8248, 0.8314, 0.8249, 0.8250, 0.8247, 0.8252, 0.8252, 0.8250
FRO, SMAP, True, auc, 0.5978, 0.6001, 0.5970, 0.5968, 0.5990, 0.5975, 0.5988, 0.6008, 0.5993, 0.5974, 0.5996, 0.5997, 0.6001, 0.6001, 0.5994, 0.5994, 0.5979, 0.5986, 0.5995, 0.5980, 0.5961, 0.5986, 0.5987, 0.6008, 0.5992, 0.5991, 0.5992, 0.5992, 0.5991, 0.5987, 0.5978, 0.5987
FRO, SMAP, True, f1b, 0.2814, 0.2814, 1.0000, 0.2814, 0.2814, 0.8584, 0.8581, 0.2814, 0.8581, 0.8586, 0.2814, 0.8581, 0.2814, 0.2814, 1.0000, 0.2814, 0.8581, 0.2814, 0.2814, 0.8581, 0.2814, 0.8581, 1.0000, 0.2814, 0.2814, 0.2814, 0.2814, 0.2814, 0.2814, 0.2814, 0.2814, 0.2814
FRL, SMAP, True, fpr, 0.8334, 0.8334, 0.8334, 0.8334, 0.8334, 0.8334, 0.8334, 0.8334, 0.8334, 0.8334, 0.8334, 0.8334, 0.8334, 0.8334, 0.8334, 0.8334, 0.8334, 0.8334, 0.8334, 0.8334, 0.8334, 0.8334, 0.8334, 0.8334, 0.8334, 0.8334, 0.8334, 0.8334, 0.8334, 0.8334, 0.8334, 0.8334
FRL, SMAP, True, auc, 0.5321, 0.5321, 0.5321, 0.5321, 0.5321, 0.5321, 0.5321, 0.5321, 0.5321, 0.5321, 0.5321, 0.5321, 0.5321, 0.5321, 0.5321, 0.5321, 0.5321, 0.5321, 0.5321, 0.5321, 0.5321, 0.5321, 0.5321, 0.5321, 0.5321, 0.5321, 0.5321, 0.5321, 0.5321, 0.5321, 0.5321, 0.5321
FRL, SMAP, True, f1b, 0.8586, 0.8586, 0.8586, 0.8586, 0.8586, 0.8586, 0.8586, 0.8586, 0.8586, 0.8586, 0.8586, 0.8586, 0.8586, 0.8586, 0.8586, 0.8586, 0.8586, 0.8586, 0.8586, 0.8586, 0.8586, 0.8586, 0.8586, 0.8586, 0.8586, 0.8586, 0.8586, 0.8586, 0.8586, 0.8586, 0.8586, 0.8586
FRR, SMAP, True, fpr, 0.8247, 0.8249, 0.8252, 0.8248, 0.8249, 0.8251, 0.8250, 0.8253, 0.8252, 0.8255, 0.8254, 0.8254, 0.8250, 0.8251, 0.8248, 0.8247, 0.8249, 0.8251, 0.8249, 0.8250, 0.8255, 0.8253, 0.8252, 0.8254, 0.8250, 0.8249, 0.8249, 0.8251, 0.8249, 0.8252, 0.8254, 0.8252
FRR, SMAP, True, auc, 0.5981, 0.5973, 0.6001, 0.5989, 0.5989, 0.5997, 0.5988, 0.5972, 0.5962, 0.5962, 0.5985, 0.5975, 0.5989, 0.5973, 0.5984, 0.5981, 0.5978, 0.5979, 0.5972, 0.5969, 0.5962, 0.5960, 0.5972, 0.5974, 0.5989, 0.5972, 0.5987, 0.5972, 0.5979, 0.5989, 0.5970, 0.5981
FRR, SMAP, True, f1b, 0.8581, 0.8586, 0.8586, 0.8581, 0.8581, 0.8581, 0.8581, 0.8581, 0.8581, 0.8586, 0.8586, 0.8586, 0.8584, 0.8586, 0.8586, 0.8581, 0.8586, 0.8581, 0.8581, 0.8586, 0.8584, 0.8581, 0.8581, 0.8581, 0.8586, 0.8581, 0.8581, 0.8581, 0.8581, 0.8581, 0.8586, 0.8586
OCSVM, SMAP, True, fpr, 0.8334, 0.8334, 0.8334, 0.8334, 0.8334, 0.8334, 0.8334, 0.8334, 0.8334, 0.8334, 0.8334, 0.8334, 0.8334, 0.8334, 0.8334, 0.8334, 0.8334, 0.8334, 0.8334, 0.8334, 0.8334, 0.8334, 0.8334, 0.8334, 0.8334, 0.8334, 0.8334, 0.8334, 0.8334, 0.8334, 0.8334, 0.8334
OCSVM, SMAP, True, auc, 0.5179, 0.5179, 0.5179, 0.5179, 0.5179, 0.5179, 0.5179, 0.5179, 0.5179, 0.5179, 0.5179, 0.5179, 0.5179, 0.5179, 0.5179, 0.5179, 0.5179, 0.5179, 0.5179, 0.5179, 0.5179, 0.5179, 0.5179, 0.5179, 0.5179, 0.5179, 0.5179, 0.5179, 0.5179, 0.5179, 0.5179, 0.5179
OCSVM, SMAP, True, f1b, 0.9876, 0.9876, 0.9876, 0.9876, 0.9876, 0.9876, 0.9876, 0.9876, 0.9876, 0.9876, 0.9876, 0.9876, 0.9876, 0.9876, 0.9876, 0.9876, 0.9876, 0.9876, 0.9876, 0.9876, 0.9876, 0.9876, 0.9876, 0.9876, 0.9876, 0.9876, 0.9876, 0.9876, 0.9876, 0.9876, 0.9876, 0.9876
DBSCAN, SMAP, True, fpr, 0.8334, 0.8334, 0.8334, 0.8334, 0.8334, 0.8334, 0.8334, 0.8334, 0.8334, 0.8334, 0.8334, 0.8334, 0.8334, 0.8334, 0.8334, 0.8334, 0.8334, 0.8334, 0.8334, 0.8334, 0.8334, 0.8334, 0.8334, 0.8334, 0.8334, 0.8334, 0.8334, 0.8334, 0.8334, 0.8334, 0.8334, 0.8334
DBSCAN, SMAP, True, auc, 0.5272, 0.5272, 0.5272, 0.5272, 0.5272, 0.5272, 0.5272, 0.5272, 0.5272, 0.5272, 0.5272, 0.5272, 0.5272, 0.5272, 0.5272, 0.5272, 0.5272, 0.5272, 0.5272, 0.5272, 0.5272, 0.5272, 0.5272, 0.5272, 0.5272, 0.5272, 0.5272, 0.5272, 0.5272, 0.5272, 0.5272, 0.5272
DBSCAN, SMAP, True, f1b, 0.9880, 0.9880, 0.9880, 0.9880, 0.9880, 0.9880, 0.9880, 0.9880, 0.9880, 0.9880, 0.9880, 0.9880, 0.9880, 0.9880, 0.9880, 0.9880, 0.9880, 0.9880, 0.9880, 0.9880, 0.9880, 0.9880, 0.9880, 0.9880, 0.9880, 0.9880, 0.9880, 0.9880, 0.9880, 0.9880, 0.9880, 0.9880
GMM, SMAP, True, fpr, 0.8334, 0.8334, 0.8334, 0.8334, 0.8334, 0.8334, 0.8334, 0.8334, 0.8334, 0.8334, 0.8334, 0.8334, 0.8334, 0.8334, 0.8334, 0.8334, 0.8334, 0.8334, 0.8334, 0.8334, 0.8334, 0.8334, 0.8334, 0.8334, 0.8334, 0.8334, 0.8334, 0.8334, 0.8334, 0.8334, 0.8334, 0.8334
GMM, SMAP, True, auc, 0.5012, 0.5012, 0.5012, 0.5012, 0.5012, 0.5012, 0.5012, 0.5012, 0.5012, 0.5012, 0.5012, 0.5012, 0.5012, 0.5012, 0.5012, 0.5012, 0.5012, 0.5012, 0.5012, 0.5012, 0.5012, 0.5012, 0.5012, 0.5012, 0.5012, 0.5012, 0.5012, 0.5012, 0.5012, 0.5012, 0.5012, 0.5012
GMM, SMAP, True, f1b, 0.9979, 0.9979, 0.9979, 0.9979, 0.9979, 0.9979, 0.9979, 0.9979, 0.9979, 0.9979, 0.9979, 0.9979, 0.9979, 0.9979, 0.9979, 0.9979, 0.9979, 0.9979, 0.9979, 0.9979, 0.9979, 0.9979, 0.9979, 0.9979, 0.9979, 0.9979, 0.9979, 0.9979, 0.9979, 0.9979, 0.9979, 0.9979
IF, SMAP, True, fpr, 0.8334, 0.8334, 0.8334, 0.8334, 0.8334, 0.8334, 0.8334, 0.8334, 0.8334, 0.8334, 0.8334, 0.8334, 0.8334, 0.8334, 0.8334, 0.8334, 0.8334, 0.8334, 0.8334, 0.8334, 0.8334, 0.8334, 0.8334, 0.8334, 0.8334, 0.8334, 0.8334, 0.8334, 0.8334, 0.8334, 0.8334, 0.8334
IF, SMAP, True, auc, 0.5013, 0.5012, 0.5013, 0.5013, 0.5013, 0.5013, 0.5012, 0.5013, 0.5013, 0.5013, 0.5012, 0.5013, 0.5012, 0.5013, 0.5013, 0.5013, 0.5013, 0.5013, 0.5013, 0.5013, 0.5013, 0.5013, 0.5013, 0.5013, 0.5012, 0.5012, 0.5013, 0.5013, 0.5013, 0.5013, 0.5012, 0.5012
IF, SMAP, True, f1b, 0.9947, 0.9804, 0.9936, 0.9929, 0.9989, 0.9873, 0.9735, 0.9961, 0.9922, 0.9947, 0.9513, 0.9947, 0.9542, 0.9989, 0.9936, 1.0000, 1.0000, 0.9996, 0.9925, 0.9922, 0.9915, 0.9728, 0.9996, 1.0000, 0.9752, 0.9943, 0.9845, 0.9989, 0.9989, 0.9943, 0.9385, 0.9773
LSTM, SMAP, True, fpr, 0.8338, 0.8349, 0.8362, 1.0000, 1.0000, 0.8340, 0.8350, 0.8338, 0.8350, 1.0000, 0.8359, 1.0000, 0.8327, 0.8353, 0.8362, 0.8346, 1.0000, 0.8359, 1.0000, 0.8284, 0.8362, 0.8321, 1.0000, 1.0000, 0.8362, 0.8333, 0.8337, 0.8362, 0.8356, 0.8343, 0.8356, 1.0000
LSTM, SMAP, True, auc, 0.5011, 0.5175, 0.5171, 0.4972, 0.4955, 0.5140, 0.5153, 0.5195, 0.3914, 0.4962, 0.5068, 0.5108, 0.5261, 0.5073, 0.5135, 0.4038, 0.3847, 0.4759, 0.5078, 0.5505, 0.5253, 0.5406, 0.4974, 0.5275, 0.4956, 0.4973, 0.5016, 0.5000, 0.5017, 0.5257, 0.5132, 0.5179
LSTM, SMAP, True, f1b, 0.9876, 0.9901, 0.9925, 0.9964, 0.9894, 0.9922, 0.9986, 0.9911, 0.9989, 0.9950, 0.9986, 0.9901, 0.9925, 0.9925, 0.9915, 0.9986, 0.9996, 0.9950, 0.9964, 0.9925, 0.9925, 0.9986, 0.9986, 0.9880, 0.9986, 0.9925, 0.9887, 0.9894, 0.9925, 0.9925, 0.9925, 0.9964
GRU, SMAP, True, fpr, 0.8354, 0.8362, 0.8197, 0.8248, 1.0000, 0.8261, 0.8210, 0.8302, 0.8312, 0.8353, 0.8259, 0.8262, 0.8303, 0.8328, 0.8304, 0.8349, 0.8288, 0.8248, 0.8321, 0.8277, 0.8275, 0.8334, 0.8224, 0.8325, 0.8307, 0.8320, 1.0000, 0.8295, 0.8248, 0.8295, 0.8270, 0.8259
GRU, SMAP, True, auc, 0.4094, 0.4012, 0.5390, 0.5198, 0.5067, 0.5185, 0.5351, 0.5039, 0.5044, 0.5152, 0.5219, 0.5200, 0.5200, 0.5158, 0.5174, 0.5145, 0.5133, 0.5329, 0.5070, 0.5373, 0.5359, 0.4126, 0.5255, 0.5250, 0.5122, 0.4476, 0.4970, 0.5154, 0.5217, 0.5249, 0.5420, 0.5145
GRU, SMAP, True, f1b, 1.0000, 0.9986, 1.0000, 0.9996, 0.9986, 1.0000, 0.9880, 0.9925, 1.0000, 1.0000, 1.0000, 1.0000, 0.9986, 0.9890, 0.9925, 0.9925, 1.0000, 0.9925, 0.9964, 0.9996, 1.0000, 1.0000, 0.9925, 0.9993, 1.0000, 1.0000, 1.0000, 1.0000, 0.9925, 0.9989, 0.9925, 1.0000
AE, SMAP, True, fpr, 0.8258, 0.8334, 0.8334, 0.8334, 0.8334, 0.8334, 0.8334, 0.8334, 0.8334, 0.8334, 0.8334, 0.8334, 0.8334, 0.8334, 0.8334, 0.8334, 0.8334, 0.8334, 0.8334, 0.8334, 0.8334, 0.8334, 0.8334, 0.8334, 0.8334, 0.8334, 0.8334, 0.8334, 0.8334, 0.8334, 0.8334, 0.8239
AE, SMAP, True, auc, 0.5282, 0.5056, 0.5195, 0.5012, 0.5188, 0.5012, 0.5150, 0.5202, 0.5173, 0.5152, 0.5151, 0.5142, 0.5128, 0.5174, 0.5020, 0.5181, 0.5140, 0.5012, 0.5174, 0.5173, 0.5043, 0.5273, 0.5023, 0.5201, 0.5211, 0.5014, 0.5038, 0.5172, 0.5194, 0.5172, 0.5215, 0.5436
AE, SMAP, True, f1b, 0.9993, 0.9993, 0.9993, 0.9993, 0.9986, 0.9993, 0.9993, 0.9993, 0.9982, 0.9993, 0.9993, 0.9993, 0.9993, 0.9993, 0.9989, 0.9993, 0.9993, 0.9993, 0.9993, 0.9993, 0.9993, 0.9993, 0.9993, 0.9986, 0.9993, 0.9993, 0.9993, 0.9993, 0.9993, 0.9993, 0.9993, 0.9993
VAE, SMAP, True, fpr, 0.8362, 1.0000, 0.8362, 0.8362, 1.0000, 1.0000, 1.0000, 1.0000, 0.8362, 0.8362, 1.0000, 0.8362, 1.0000, 0.8362, 0.8362, 0.8362, 0.8362, 0.8362, 1.0000, 0.8361, 1.0000, 1.0000, 1.0000, 1.0000, 0.8362, 1.0000, 1.0000, 0.8362, 1.0000, 0.8362, 1.0000, 0.8362
VAE, SMAP, True, auc, 0.4988, 0.4988, 0.4987, 0.4988, 0.4987, 0.4878, 0.4986, 0.4987, 0.4988, 0.4985, 0.4986, 0.4987, 0.4988, 0.4988, 0.4988, 0.4987, 0.4987, 0.4989, 0.4987, 0.4973, 0.4987, 0.4988, 0.4988, 0.4983, 0.4989, 0.4987, 0.4987, 0.4986, 0.4988, 0.4987, 0.4987, 0.4984
VAE, SMAP, True, f1b, 0.3289, 0.3289, 0.3289, 0.3289, 0.3289, 0.3289, 0.3289, 0.3289, 0.3289, 0.3289, 0.3289, 0.3289, 0.3289, 0.3289, 0.3289, 0.3289, 0.3289, 0.3289, 0.3289, 0.3289, 0.3289, 0.3289, 0.3289, 0.3289, 0.3289, 0.3289, 0.3289, 0.3289, 0.3289, 0.3289, 0.3289, 0.3289
OP, SMAP, True, fpr, 0.8362, 0.8362, 0.8362, 0.8362, 0.8362, 0.8362, 0.8362, 0.8362, 0.8362, 0.8362, 0.8362, 0.8362, 0.8362, 0.8362, 0.8362, 0.8362, 0.8362, 0.8362, 0.8362, 0.8362, 0.8362, 0.8362, 0.8362, 0.8362, 0.8362, 0.8362, 0.8362, 0.8362, 0.8362, 0.8362, 0.8362, 0.8362
OP, SMAP, True, auc, 0.4992, 0.4992, 0.4992, 0.4992, 0.4992, 0.4992, 0.4992, 0.4992, 0.4992, 0.4992, 0.4992, 0.4992, 0.4992, 0.4992, 0.4992, 0.4992, 0.4992, 0.4992, 0.4992, 0.4992, 0.4992, 0.4992, 0.4992, 0.4992, 0.4992, 0.4992, 0.4992, 0.4992, 0.4992, 0.4992, 0.4992, 0.4992
OP, SMAP, True, f1b, 1.0000, 1.0000, 1.0000, 1.0000, 1.0000, 1.0000, 1.0000, 1.0000, 1.0000, 1.0000, 1.0000, 1.0000, 1.0000, 1.0000, 1.0000, 1.0000, 1.0000, 1.0000, 1.0000, 1.0000, 1.0000, 1.0000, 1.0000, 1.0000, 1.0000, 1.0000, 1.0000, 1.0000, 1.0000, 1.0000, 1.0000, 1.0000
RAND, SMAP, True, fpr, 0.8362, 0.8361, 0.8362, 0.8362, 1.0000, 0.8362, 0.8362, 0.8362, 0.8360, 0.8362, 1.0000, 0.8362, 0.8361, 1.0000, 0.8361, 0.8361, 1.0000, 0.8361, 0.8361, 0.8362, 0.8362, 0.8362, 1.0000, 0.8362, 0.8359, 0.8362, 0.8359, 0.8362, 1.0000, 0.8362, 0.8360, 0.8362
RAND, SMAP, True, auc, 0.5127, 0.4920, 0.5082, 0.5016, 0.4921, 0.4952, 0.5119, 0.4997, 0.5123, 0.4900, 0.4823, 0.4909, 0.4878, 0.5009, 0.5083, 0.4927, 0.4975, 0.4790, 0.5120, 0.5042, 0.5066, 0.4844, 0.5055, 0.5044, 0.5033, 0.4875, 0.4963, 0.5106, 0.5082, 0.5060, 0.4863, 0.4944
RAND, SMAP, True, f1b, 0.9961, 0.9964, 0.9954, 0.9975, 0.9964, 0.9954, 0.9957, 0.9968, 0.9971, 0.9932, 0.9957, 0.9943, 1.0000, 0.9954, 0.9964, 0.9975, 0.9950, 0.9880, 0.9954, 1.0000, 0.9929, 0.9954, 0.9957, 0.9964, 0.9957, 0.9961, 0.9979, 0.9950, 0.9932, 0.9950, 0.9975, 0.9957
