VAR, SMD, True, fpr, nan, nan, nan, nan, nan, nan, nan, nan, nan, nan, nan, nan, nan, nan, nan, nan, nan, nan, nan, nan, nan, nan, nan, nan, nan, nan, nan, nan, nan, nan, nan, nan
VAR, SMD, True, auc, nan, nan, nan, nan, nan, nan, nan, nan, nan, nan, nan, nan, nan, nan, nan, nan, nan, nan, nan, nan, nan, nan, nan, nan, nan, nan, nan, nan, nan, nan, nan, nan
VAR, SMD, True, f1b, nan, nan, nan, nan, nan, nan, nan, nan, nan, nan, nan, nan, nan, nan, nan, nan, nan, nan, nan, nan, nan, nan, nan, nan, nan, nan, nan, nan, nan, nan, nan, nan
FRO, SMD, True, fpr, 1.0000, 0.8988, 1.0000, 1.0000, 1.0000, 1.0000, 1.0000, 1.0000, 1.0000, 1.0000, 1.0000, 1.0000, 1.0000, 1.0000, 1.0000, 1.0000, 1.0000, 1.0000, 1.0000, 1.0000, 1.0000, 1.0000, 1.0000, 1.0000, 1.0000, 1.0000, 1.0000, 0.8988, 1.0000, 1.0000, 1.0000, 1.0000
FRO, SMD, True, auc, 0.4470, 0.4483, 0.4475, 0.4493, 0.4493, 0.4452, 0.4485, 0.4461, 0.4483, 0.4477, 0.4469, 0.4500, 0.4467, 0.4462, 0.4479, 0.4467, 0.4468, 0.4486, 0.4475, 0.4470, 0.4470, 0.4475, 0.4473, 0.4466, 0.4478, 0.4486, 0.4460, 0.4476, 0.4468, 0.4477, 0.4477, 0.4484
FRO, SMD, True, f1b, 0.9927, 0.9929, 0.9929, 0.9929, 0.9929, 0.9925, 0.9929, 0.9929, 0.9929, 0.9925, 0.9929, 0.9929, 0.9929, 0.9927, 0.9923, 0.9929, 0.9929, 0.9925, 0.9929, 0.9921, 0.9929, 0.9929, 0.9929, 0.9929, 0.9929, 0.9927, 0.9929, 0.9929, 0.9929, 0.9929, 0.9925, 0.9929
FRL, SMD, True, fpr, 0.8911, 0.8911, 0.8912, 0.8911, 0.8912, 0.8912, 0.8911, 0.8911, 0.8912, 0.8911, 0.8911, 0.8911, 0.8912, 0.8911, 0.8911, 0.8912, 0.8911, 0.8911, 0.8911, 0.8912, 0.8911, 0.8911, 0.8911, 0.8911, 0.8911, 0.8912, 0.8911, 0.8912, 0.8911, 0.8911, 0.8911, 0.8912
FRL, SMD, True, auc, 0.5182, 0.5181, 0.5181, 0.5183, 0.5180, 0.5178, 0.5181, 0.5181, 0.5179, 0.5181, 0.5181, 0.5181, 0.5181, 0.5180, 0.5181, 0.5179, 0.5181, 0.5183, 0.5182, 0.5179, 0.5181, 0.5181, 0.5181, 0.5183, 0.5183, 0.5180, 0.5180, 0.5180, 0.5182, 0.5180, 0.5182, 0.5181
FRL, SMD, True, f1b, 0.9977, 0.9977, 0.9977, 0.9977, 0.9977, 0.9977, 0.9977, 0.9977, 0.9977, 0.9977, 0.9977, 0.9977, 0.9977, 0.9977, 0.9977, 0.9977, 0.9977, 0.9977, 0.9977, 0.9977, 0.9977, 0.9977, 0.9977, 0.9977, 0.9977, 0.9977, 0.9977, 0.9977, 0.9977, 0.9977, 0.9977, 0.9977
FRR, SMD, True, fpr, 0.8986, 0.8986, 0.8986, 0.8986, 0.8986, 0.8986, 0.8986, 0.8986, 0.8986, 0.8986, 0.8986, 0.8986, 0.8986, 0.8986, 0.8986, 0.8986, 0.8986, 0.8986, 0.8986, 0.8986, 0.8986, 0.8986, 0.8986, 0.8986, 0.8986, 0.8986, 0.8986, 0.8986, 0.8987, 0.8986, 0.8986, 0.8986
FRR, SMD, True, auc, 0.5136, 0.5118, 0.5119, 0.5089, 0.5142, 0.5110, 0.5144, 0.5120, 0.5125, 0.5132, 0.5118, 0.5124, 0.5110, 0.5131, 0.5100, 0.5129, 0.5112, 0.5136, 0.5119, 0.5180, 0.5110, 0.5122, 0.5128, 0.5104, 0.5116, 0.5079, 0.5133, 0.5126, 0.5122, 0.5118, 0.5102, 0.5131
FRR, SMD, True, f1b, 0.9917, 0.9908, 0.9908, 0.9908, 0.9908, 0.9912, 0.9908, 0.9917, 0.9908, 0.9919, 0.9919, 0.9914, 0.9910, 0.9910, 0.9917, 0.9917, 0.9912, 0.9908, 0.9917, 0.9910, 0.9919, 0.9908, 0.9908, 0.9912, 0.9908, 0.9914, 0.9914, 0.9917, 0.9912, 0.9910, 0.9912, 0.9912
OCSVM, SMD, True, fpr, 0.8912, 0.8912, 0.8912, 0.8912, 0.8912, 0.8912, 0.8912, 0.8912, 0.8912, 0.8912, 0.8912, 0.8912, 0.8912, 0.8912, 0.8912, 0.8912, 0.8912, 0.8912, 0.8912, 0.8912, 0.8912, 0.8912, 0.8912, 0.8912, 0.8912, 0.8912, 0.8912, 0.8912, 0.8912, 0.8912, 0.8912, 0.8912
OCSVM, SMD, True, auc, 0.5238, 0.5238, 0.5238, 0.5238, 0.5238, 0.5238, 0.5238, 0.5238, 0.5238, 0.5238, 0.5238, 0.5238, 0.5238, 0.5238, 0.5238, 0.5238, 0.5238, 0.5238, 0.5238, 0.5238, 0.5238, 0.5238, 0.5238, 0.5238, 0.5238, 0.5238, 0.5238, 0.5238, 0.5238, 0.5238, 0.5238, 0.5238
OCSVM, SMD, True, f1b, 0.9977, 0.9977, 0.9977, 0.9977, 0.9977, 0.9977, 0.9977, 0.9977, 0.9977, 0.9977, 0.9977, 0.9977, 0.9977, 0.9977, 0.9977, 0.9977, 0.9977, 0.9977, 0.9977, 0.9977, 0.9977, 0.9977, 0.9977, 0.9977, 0.9977, 0.9977, 0.9977, 0.9977, 0.9977, 0.9977, 0.9977, 0.9977
DBSCAN, SMD, True, fpr, 0.8960, 0.8960, 0.8960, 0.8960, 0.8960, 0.8960, 0.8960, 0.8960, 0.8960, 0.8960, 0.8960, 0.8960, 0.8960, 0.8960, 0.8960, 0.8960, 0.8960, 0.8960, 0.8960, 0.8960, 0.8960, 0.8960, 0.8960, 0.8960, 0.8960, 0.8960, 0.8960, 0.8960, 0.8960, 0.8960, 0.8960, 0.8960
DBSCAN, SMD, True, auc, nan, nan, nan, nan, nan, nan, nan, nan, nan, nan, nan, nan, nan, nan, nan, nan, nan, nan, nan, nan, nan, nan, nan, nan, nan, nan, nan, nan, nan, nan, nan, nan
DBSCAN, SMD, True, f1b, nan, nan, nan, nan, nan, nan, nan, nan, nan, nan, nan, nan, nan, nan, nan, nan, nan, nan, nan, nan, nan, nan, nan, nan, nan, nan, nan, nan, nan, nan, nan, nan
GMM, SMD, True, fpr, 0.8986, 0.8985, 0.8985, 0.8985, 0.8985, 0.8985, 0.8986, 0.8985, 0.8985, 0.8985, 0.8986, 0.8986, 0.8985, 0.8985, 0.8985, 0.8986, 0.8986, 0.8985, 0.8985, 0.8986, 0.8985, 0.8985, 0.8985, 0.8985, 0.8985, 0.8985, 0.8986, 0.8985, 0.8985, 0.8986, 0.8985, 0.8985
GMM, SMD, True, auc, 0.7847, 0.7869, 0.7869, 0.7869, 0.7869, 0.7869, 0.7815, 0.7869, 0.7869, 0.7869, 0.7844, 0.7815, 0.7869, 0.7869, 0.7869, 0.7844, 0.7815, 0.7869, 0.7869, 0.7844, 0.7869, 0.7869, 0.7869, 0.7869, 0.7869, 0.7869, 0.7847, 0.7869, 0.7869, 0.7844, 0.7869, 0.7869
GMM, SMD, True, f1b, 0.9900, 0.9913, 0.9913, 0.9913, 0.9913, 0.9913, 0.9884, 0.9913, 0.9913, 0.9913, 0.9902, 0.9884, 0.9913, 0.9913, 0.9913, 0.9902, 0.9884, 0.9913, 0.9913, 0.9902, 0.9913, 0.9913, 0.9913, 0.9913, 0.9913, 0.9913, 0.9900, 0.9913, 0.9913, 0.9902, 0.9913, 0.9913
IF, SMD, True, fpr, 0.8909, 0.8966, 0.8979, 0.8945, 0.8974, 0.8970, 0.8973, 0.8981, 0.8960, 0.8970, 0.8942, 0.8965, 0.8943, 0.8980, 0.8970, 0.8977, 0.8979, 0.8937, 0.8968, 0.8967, 0.8957, 0.8945, 0.8972, 0.8935, 0.8985, 0.8971, 0.8978, 0.8957, 0.8979, 0.8956, 0.8982, 0.8966
IF, SMD, True, auc, 0.7908, 0.8284, 0.8107, 0.7754, 0.8314, 0.7946, 0.7921, 0.8236, 0.7769, 0.7847, 0.8151, 0.7960, 0.8200, 0.8164, 0.8223, 0.8078, 0.8144, 0.8114, 0.8226, 0.8099, 0.8102, 0.8128, 0.8191, 0.8066, 0.7737, 0.8064, 0.8053, 0.8023, 0.8156, 0.8091, 0.8063, 0.7876
IF, SMD, True, f1b, 0.9975, 0.9975, 0.9977, 0.9973, 0.9975, 0.9975, 0.9973, 0.9975, 0.9973, 0.9975, 0.9975, 0.9973, 0.9975, 0.9973, 0.9975, 0.9975, 0.9973, 0.9977, 0.9975, 0.9973, 0.9975, 0.9973, 0.9975, 0.9975, 0.9973, 0.9975, 0.9975, 0.9975, 0.9975, 0.9975, 0.9975, 0.9973
LSTM, SMD, True, fpr, 0.8988, 1.0000, 0.8988, 0.8986, 0.8987, 0.8988, 0.8985, 0.8986, 0.8988, 0.8988, 0.8988, 0.8986, 0.8985, 0.8988, 0.8988, 0.8986, 0.8983, 0.8987, 0.8987, 0.8988, 1.0000, 0.8987, 0.8987, 0.8988, 0.8980, 0.8987, 0.8987, 0.8988, 0.8987, 0.8988, 0.8986, 0.8986
LSTM, SMD, True, auc, 0.5237, 0.5700, 0.5355, 0.5425, 0.5055, 0.5042, 0.5740, 0.5359, 0.5465, 0.5609, 0.5556, 0.5608, 0.5069, 0.5334, 0.5437, 0.5529, 0.5506, 0.5476, 0.5894, 0.5383, 0.4978, 0.5423, 0.5775, 0.6042, 0.6220, 0.5561, 0.5615, 0.5233, 0.4974, 0.5988, 0.5688, 0.6097
LSTM, SMD, True, f1b, 0.9973, 0.9973, 0.9971, 0.9971, 0.9971, 0.9973, 0.9973, 0.9973, 0.9973, 0.9973, 0.9971, 0.9973, 0.9973, 0.9975, 0.9973, 0.9973, 0.9973, 0.9973, 0.9971, 0.9973, 0.9973, 0.9973, 0.9975, 0.9973, 0.9973, 0.9973, 0.9973, 0.9971, 0.9973, 0.9969, 0.9973, 0.9971
GRU, SMD, True, fpr, 0.8986, 0.8988, 0.8988, 1.0000, 0.8988, 0.8987, 1.0000, 0.8986, 0.8987, 0.8985, 0.8988, 0.8987, 1.0000, 1.0000, 0.8987, 0.8984, 0.8985, 0.8988, 0.8988, 0.8987, 0.8988, 0.8986, 0.8987, 0.8984, 0.8987, 0.8988, 0.8984, 0.8988, 1.0000, 0.8987, 0.8987, 0.8987
GRU, SMD, True, auc, 0.5623, 0.5417, 0.5056, 0.5651, 0.5904, 0.5257, 0.5436, 0.5859, 0.5508, 0.5601, 0.5516, 0.5622, 0.5417, 0.5176, 0.5852, 0.5543, 0.5613, 0.5313, 0.5459, 0.5700, 0.5199, 0.5537, 0.5501, 0.5988, 0.6222, 0.5387, 0.5673, 0.5622, 0.5547, 0.5561, 0.5608, 0.5551
GRU, SMD, True, f1b, 0.9973, 0.9973, 0.9969, 0.9975, 0.9971, 0.9973, 0.9971, 0.9973, 0.9973, 0.9973, 0.9975, 0.9975, 0.9971, 0.9971, 0.9969, 0.9973, 0.9971, 0.9975, 0.9971, 0.9975, 0.9973, 0.9975, 0.9975, 0.9973, 0.9975, 0.9975, 0.9973, 0.9971, 0.9971, 0.9975, 0.9973, 0.9975
AE, SMD, True, fpr, 0.8985, 0.8985, 0.8987, 0.8978, 0.8969, 0.8986, 0.8988, 0.8978, 0.8984, 0.8987, 0.8988, 0.8985, 0.8984, 0.8983, 0.8985, 0.8982, 0.8986, 0.8986, 0.8982, 0.8986, 0.8983, 0.8987, 0.8985, 0.8988, 0.8982, 0.8988, 0.8984, 0.8986, 0.8984, 0.8988, 0.8976, 0.8987
AE, SMD, True, auc, 0.7996, 0.8059, 0.7828, 0.8061, 0.7905, 0.8047, 0.7791, 0.8141, 0.8035, 0.8114, 0.7948, 0.7861, 0.8154, 0.7892, 0.8148, 0.8071, 0.8045, 0.7925, 0.7964, 0.7953, 0.8445, 0.8198, 0.7930, 0.7805, 0.7859, 0.7559, 0.7851, 0.7849, 0.7997, 0.7513, 0.8357, 0.8075
AE, SMD, True, f1b, 0.9967, 0.9969, 0.9967, 0.9950, 0.9954, 0.9971, 0.9967, 0.9971, 0.9958, 0.9967, 0.9965, 0.9965, 0.9969, 0.9965, 0.9971, 0.9963, 0.9967, 0.9971, 0.9963, 0.9969, 0.9965, 0.9967, 0.9967, 0.9971, 0.9956, 0.9969, 0.9965, 0.9971, 0.9965, 0.9971, 0.9969, 0.9965
VAE, SMD, True, fpr, 1.0000, 1.0000, 0.8988, 1.0000, 1.0000, 1.0000, 1.0000, 1.0000, 0.8988, 1.0000, 1.0000, 1.0000, 1.0000, 1.0000, 1.0000, 1.0000, 0.8988, 1.0000, 1.0000, 1.0000, 1.0000, 0.8988, 0.8988, 0.8988, 1.0000, 1.0000, 1.0000, 1.0000, 1.0000, 1.0000, 0.8988, 1.0000
VAE, SMD, True, auc, 0.3903, 0.3856, 0.4210, 0.3927, 0.4033, 0.4103, 0.4113, 0.3925, 0.4009, 0.3948, 0.4050, 0.3987, 0.3969, 0.4162, 0.3847, 0.3894, 0.4006, 0.3684, 0.4002, 0.3995, 0.3622, 0.3912, 0.4073, 0.4153, 0.4056, 0.4187, 0.3924, 0.3549, 0.4007, 0.3902, 0.3900, 0.4111
VAE, SMD, True, f1b, 0.7496, 0.6938, 0.7373, 0.7269, 0.7525, 0.7317, 0.7761, 0.6501, 0.7111, 0.7482, 0.7764, 0.7383, 0.7418, 0.7497, 0.7672, 0.7263, 0.7438, 0.5848, 0.7201, 0.7329, 0.7153, 0.7529, 0.7004, 0.7838, 0.7645, 0.7303, 0.7156, 0.6563, 0.7490, 0.6926, 0.7194, 0.7361
OP, SMD, True, fpr, 0.8962, 0.8962, 0.8962, 0.8962, 0.8962, 0.8962, 0.8962, 0.8962, 0.8962, 0.8962, 0.8962, 0.8962, 0.8962, 0.8962, 0.8962, 0.8962, 0.8962, 0.8962, 0.8962, 0.8962, 0.8962, 0.8962, 0.8962, 0.8962, 0.8962, 0.8962, 0.8962, 0.8962, 0.8962, 0.8962, 0.8962, 0.8962
OP, SMD, True, auc, 0.5016, 0.5016, 0.5016, 0.5016, 0.5016, 0.5016, 0.5016, 0.5016, 0.5016, 0.5016, 0.5016, 0.5016, 0.5016, 0.5016, 0.5016, 0.5016, 0.5016, 0.5016, 0.5016, 0.5016, 0.5016, 0.5016, 0.5016, 0.5016, 0.5016, 0.5016, 0.5016, 0.5016, 0.5016, 0.5016, 0.5016, 0.5016
OP, SMD, True, f1b, 0.1838, 0.1838, 0.1838, 0.1838, 0.1838, 0.1838, 0.1838, 0.1838, 0.1838, 0.1838, 0.1838, 0.1838, 0.1838, 0.1838, 0.1838, 0.1838, 0.1838, 0.1838, 0.1838, 0.1838, 0.1838, 0.1838, 0.1838, 0.1838, 0.1838, 0.1838, 0.1838, 0.1838, 0.1838, 0.1838, 0.1838, 0.1838
RAND, SMD, True, fpr, 0.8988, 1.0000, 0.8988, 0.8988, 0.8987, 0.8987, 0.8988, 0.8988, 0.8988, 1.0000, 1.0000, 0.8987, 0.8988, 0.8988, 0.8988, 0.8987, 1.0000, 0.8988, 0.8988, 0.8988, 0.8988, 0.8988, 0.8988, 0.8988, 0.8988, 0.8988, 1.0000, 0.8988, 0.8988, 0.8988, 0.8988, 0.8988
RAND, SMD, True, auc, 0.4953, 0.4944, 0.4855, 0.4988, 0.5101, 0.4965, 0.4841, 0.5016, 0.4957, 0.4981, 0.4952, 0.5014, 0.4890, 0.5022, 0.5041, 0.5041, 0.5010, 0.4989, 0.5015, 0.5107, 0.5069, 0.5168, 0.4979, 0.4886, 0.4981, 0.5019, 0.4915, 0.5085, 0.5012, 0.4928, 0.4989, 0.5024
RAND, SMD, True, f1b, 0.9322, 0.9291, 0.9214, 0.9378, 0.9445, 0.9496, 0.9474, 0.9315, 0.9493, 0.9466, 0.9547, 0.9356, 0.9337, 0.9378, 0.9364, 0.9328, 0.9509, 0.9252, 0.9350, 0.9330, 0.9334, 0.9489, 0.9518, 0.9516, 0.9303, 0.9552, 0.9311, 0.9317, 0.9426, 0.9266, 0.9472, 0.9570
